1:2043413:[-324438632,1171021888,-754307823,1169462126,55514221,146128632,202859644]:[-4932,10167982]:28800.0:0.0014:0.000013789
1:2095451:[750321408,-632448,-714563571,1014328354,950560081,46833852,65366932]:[144,4196086]:28800.0:0.0013:0.000012673
1:2117461:[-218985610591,176775542112,52394665072,-42814729226,-5638815008,1253926992,-41608071]:[3176,6756666]:28800.0:0.0013:0.000014611
1:2129069:[-6492528143,-4055750250,783733439,267785664,-66742653,11424694,-282619]:[-1115,4565638]:28800.0:0.0013:0.000014495
1:2141299:[-867569192,869809612,-550491952,-43104564,81620201,-1683266,35664905]:[-1624,4941942]:28800.0:0.0014:0.000012308
1:2192653:[-11070656,-272234940,540423460,1863655712,82315425,140298398,-7200195]:[-2776,6311850]:28800.0:0.0014:0.000012391
1:2192653:[586943224,199197628,-602207136,-631039776,165992173,301639692,-86525452]:[-2776,6311850]:28800.0:0.0014:0.000013037
1:2214907:[138734631936,293500141056,-50008743651,-62328650050,66476875681,-2394685440,1038847132]:[3836,8108538]:28800.0:0.0014:0.000012995
1:2253973:[-213899968,1215625216,-303360111,765550768,251111744,51230276,143025472]:[-568,4588602]:28800.0:0.0014:0.000012417
1:2277367:[-127278536,165917904,-979657835,693600992,-156533954,-122190292,7509769]:[3008,6816750]:28800.0:0.0013:0.000012434
1:3356999:[-67561855,-2027697150,-3244499,947722520,527168100,-88002004,-69840280]:[4536,11857822]:28800.0:0.0014:0.000012642
1:3365389:[-1287844864,-172708548,-2239426319,490957150,-732552719,423061824,3365504]:[968,6965034]:28800.0:0.0013:0.000013298
1:3382349:[-1993472172,9868525188,15316042357,-7138626088,-2693472782,4442594628,2595758237]:[-2052,7817374]:28800.0:0.0014:0.000013033
1:3382349:[36542558366928,646099295112,157782262309,-8326160392,448534058,3918256,381549]:[-2052,7817374]:28800.0:0.0013:0.000012899
1:3398959:[-4298523296,-3301106944,-2033849919,757421488,672383296,406991100,1932640]:[-1624,7457262]:28800.0:0.0013:0.000012271
1:3415187:[-7075848684,-27486702228,-13006993623,17665808022,-9491149623,204790980,-204709164]:[-5448,14250550]:28800.0:0.0013:0.000013034
1:3417047:[-4368608416,-475541824,-742509519,1307680778,87671161,107623500,-65027680]:[2304,8161198]:28800.0:0.0013:0.000013430
1:3520511:[-994564803,320039284,-1361866162,272523200,-436267519,-257007920,87716080]:[2520,8628622]:28800.0:0.0014:0.000012612
1:3561841:[21406048,-646844172,5072197489,-5081918174,2856322473,-1135090720,404861008]:[-2992,9361698]:28800.0:0.0013:0.000012931
1:3566669:[9302839380,679120060,21279117449,-11506386142,-603602219,1370879232,940675176]:[2852,9166814]:28800.0:0.0013:0.000016066
1:3584323:[-503247563,-1264748282,-2019371931,-491859828,79150744,573310524,-98700928]:[5432,14545302]:28800.0:0.0013:0.000013287
1:3584323:[64800785,-1966864000,2493739506,1116047672,715447261,191425236,50328596]:[5432,14545302]:28800.0:0.0013:0.000012314
1:3596897:[1731098232,9008084332,985407904,-45194572,679690369,-268862154,24156897]:[2208,8412610]:28800.0:0.0013:0.000014273
1:3865019:[-6519683583,-6578458614,14010918639,2853839440,234377707,32336118,-10201675]:[2160,8896438]:28800.0:0.0014:0.000013143
1:4073107:[-82329704845616,-6508830907200,10968675089,-105854462,-1422865,18165726,-382207]:[-2176,9329958]:28800.0:0.0014:0.000015474
1:4143833:[508511548,-581389324,2690359989,-1909609328,3181996642,-1825555128,208362217]:[-5400,15577666]:28800.0:0.0013:0.000014258
1:4143833:[-5497235352,209311676,-2060890236,1755854172,-241523183,292876272,-84173208]:[5400,15577666]:28800.0:0.0013:0.000014269
1:4386149:[-2115327252,2979288844,-1467199339,733124,774570194,-19197164,-17853719]:[5400,16062298]:28800.0:0.0013:0.000014823
1:4444469:[-212543559,1107777542,-191485139,-3174628792,-1343301348,-328712292,-245592576]:[2952,11067514]:28800.0:0.0014:0.000013664
1:4456783:[-4308072183,34150074468,-62476119706,-18194224196,-9377714731,-1674258240,68511980]:[-1840,9759966]:28800.0:0.0013:0.000013902
1:4481989:[5802603977,17174250120,7104030802,-14259750912,-4692153299,5372266020,-802670420]:[-6208,18598794]:28800.0:0.0013:0.000013613
1:5065751:[-818864128,-3356341776,-1329627260,4582462084,70001377,-607178688,-189679168]:[-5688,18219838]:28800.0:0.0013:0.000013275
1:5169763:[255759744,-862064808,-1540448303,1104670146,-193690967,695569784,-349795480]:[5036,16679850]:28800.0:0.0014:0.000012893
1:5260807:[-1477164832,4713070016,368445761,-5109577620,-742205482,1518199688,737883445]:[536,10593438]:28800.0:0.0013:0.000012893
1:5487353:[-66881575,-960516200,1409331986,4933133856,-1175582347,494761876,-89447108]:[-4392,15797122]:28800.0:0.0014:0.000013934
1:5524973:[280268864,-2899809636,377917585,-3986278402,-145797231,-1118270080,-71348416]:[1800,11859946]:28800.0:0.0013:0.000013609
1:5826281:[3823833064,28026747684,59914278784,47704203360,-14746583123,1208757636,-30359788]:[5136,18247186]:28800.0:0.0013:0.000014146
1:5831729:[-7218418652,502611500,4299654037,-4404913754,-3129219903,108101232,26909856]:[7668,26363014]:28800.0:0.0014:0.000014399
1:5865257:[-4249845468,-15018419304,36009846617,-18357040258,21742474165,-21181342868,416629604]:[3812,15363350]:28800.0:0.0013:0.000015405
1:6353437:[-3640776708,4186468972,-2250365531,9104868,903531874,56884116,72155577]:[-1360,13169274]:28800.0:0.0013:0.000012700
1:6772121:[2115931680,-4552412544,-3189006147,-1400569612,1025587174,677812616,323672609]:[2592,15223858]:28800.0:0.0014:0.000015661
1:6772121:[-8739160443,6100313544,-3076761522,-1400569612,1063002049,-505823616,-78367840]:[-2592,15223858]:28800.0:0.0014:0.000015237
1:7535663:[-471493224,-403169076,7974289068,7575222928,-18219213683,9283964614,-1684442071]:[2304,16398430]:28800.0:0.0014:0.000014985
1:7674731:[-10050952128,852570496,-8846305551,-2157126762,-1675995671,-959255964,-20998848]:[-1296,15769366]:28800.0:0.0014:0.000014939
1:7694891:[205351540640,-59987338052,-76773591724,16437310512,10069575017,-1143754118,-479585459]:[3672,18760678]:28800.0:0.0014:0.000013886
1:7770179:[-1560530884,-8599947144,-9536658371,5494364890,-2638678799,1233782400,-422341888]:[-2760,17444758]:28800.0:0.0014:0.000014174
1:10935451:[-6930217587,-4403249284,-4729692514,-404225024,-357108271,93095744,480869056]:[-6664,32973126]:28800.0:0.0013:0.000013398
1:11020967:[51485184936,-127773879804,69601249500,11523743620,-8190012275,-1658352364,-110630828]:[5832,30544990]:28800.0:0.0014:0.000014613
1:11132029:[-539106655,-14185167410,242874861817,-63469203716,71509860012,-7805773680,220933156]:[-8060,38504958]:28800.0:0.0014:0.000017066
1:11132029:[-57061033239,-43945302666,175723822781,184845329892,-1995847644,-12488031936,1218695648]:[-8060,38504958]:28800.0:0.0014:0.000016521
1:12309371:[26138665629,13788452286,4993870713,-2742466072,260441740,-1099008772,280653664]:[1512,25190278]:28800.0:0.0014:0.000015352
1:12309371:[-7577648928,-9891078948,-781325220,-2742466072,-1664623571,1532050254,-968098727]:[-1512,25190278]:28800.0:0.0014:0.000015138
1:12576491:[197801984,-11471070108,2891687737,-7731164986,2873920809,-477473056,185759216]:[5184,31871446]:28800.0:0.0013:0.000014250
1:13116563:[-2610099404,13567061524,-1307391763,3883663728,166311146,-1671653048,336984401]:[-8496,44278630]:28800.0:0.0014:0.000015899
1:13116563:[-432510304,12777672864,5712487729,4653467716,2644142916,-866399804,-457958392]:[8496,44278630]:28800.0:0.0014:0.000015378
1:13310081:[-16190301772,-36785413884,-3075721463,31890150282,9116184981,-15124172528,3039714880]:[-5904,35334466]:28800.0:0.0014:0.000015224
1:14311457:[3115028160,6457258620,-9371409168,-9988444492,3507833701,1340520370,-1193176411]:[-360,28655314]:28800.0:0.0014:0.000015420
1:14828581:[471413296,14630155324,3493961444,7043617824,3383682317,-211420838,-59482831]:[-7744,44649546]:28800.0:0.0013:0.000013554
1:14959801:[-10579860603,12215075004,-3948411666,-1999866968,4020383209,300683584,-130445768]:[-9688,53383938]:28800.0:0.0013:0.000014261
1:15253379:[155190676144,-29524224296,-32482802035,6977015760,2472119270,21502684,56758073]:[-8064,46763782]:28800.0:0.0014:0.000015959
1:15253379:[-3804112800,7024693572,-1449119600,-18215681140,-10293011355,-3258460098,-1532467971]:[8064,46763782]:28800.0:0.0014:0.000015694
1:16194331:[-518218592,16388826916,-13825944,129553676,4097206729,-3456486,64777081]:[15872,95368758]:28800.0:0.0019:0.000014649
1:16438141:[-6231256740,13167161368,-14773133995,1614230762,1069469405,-4140883820,-949462436]:[8312,50148618]:28800.0:0.0014:0.000014146
1:17098519:[-9455494683,-3361031524,-10345001882,-1833433200,-3151763159,1527461520,847017480]:[-9136,55063662]:28800.0:0.0014:0.000013635
1:18659341:[-2713099300,7475956800,34427725921,-66589533270,-10634927847,-904176764,-40734668]:[9320,59034282]:28800.0:0.0014:0.000013834
1:19658339:[7753272212,9267570300,26891276245,20715046660,23816500050,13290253660,1798066433]:[10368,66190534]:28800.0:0.0014:0.000015294
1:20816083:[1379590109961,1341738990266,315323769089,924831220,2175305024,-450774052,12875104]:[-15664,102972390]:28800.0:0.0014:0.000014759
1:22172963:[-48445504191,422810661392,-779216977406,549606958264,-418224054563,142218041868,-82281448620]:[-7248,57479302]:28800.0:0.0014:0.000016236
1:23056543:[-9684274400,12172503900,16339906072,-4487383864,-11195520923,-12858971716,-3755700460]:[-7240,59217486]:28800.0:0.0013:0.000015177
1:23142419:[-11822871715,-9210344254,-24661309039,1431275168,-6136019884,6222382940,-424008240]:[-5040,52635238]:28800.0:0.0014:0.000015130
1:23142419:[1616118017,-24068723484,18538339714,814400348,10830279909,2181233060,1536574916]:[5040,52635238]:28800.0:0.0014:0.000014830
1:24373439:[8312195412,3396855564,-28115521275,4515153574,5506669417,1299170812,348191552]:[-4176,53106622]:28800.0:0.0014:0.000015676
1:26194277:[-59623377232,-104265317928,17615503425,58039818390,-16254633647,-285270000,-1244792]:[-11189,76777972]:28800.0:0.0014:0.000018079
1:28469669:[2410028021,35964480504,76389888904,-19097597756,14408771736,-9075999824,-3671189344]:[-3384,59802202]:28800.0:0.0014:0.000015535
1:28469669:[-41830606307,-66342556420,26310619724,18297901956,20046922136,-4400370832,-3147889312]:[3384,59802202]:28800.0:0.0014:0.000016021
1:29934449:[4407196577,35909536666,5976452649,24911702188,12183807304,3042960996,4787975552]:[-13680,106654498]:28800.0:0.0014:0.000015043
1:30561283:[29768140768,-1315709876,-31738325067,-13910148606,12968338921,4592819460,-1686065620]:[9932,85783722]:28800.0:0.0013:0.000014670
1:31375811:[-50866433568,151102152000,50978961369,-189020466720,7692156846,45398376876,-18965360211]:[0,62751622]:28800.0:0.0013:0.000014959
1:33037439:[1057305632,1779808020,-30570131759,-34081882966,-13715177519,2315565840,816110240]:[6360,76187278]:28800.0:0.0014:0.000015368
1:33990949:[-19584786852,10222967592,-16160798667,19322379298,5455453069,-1049655564,-3873582244]:[11948,103670574]:28800.0:0.0014:0.000015504
1:34354849:[40857377312,60885878420,41686537321,-12156739866,-19696100099,-6591598620,2703394380]:[3104,71118402]:28800.0:0.0014:0.000015211
1:37439641:[-38104207392,29420920420,-859879908,17858024600,-1564583491,-3773980078,-3777376599]:[-14872,130173378]:28800.0:0.0014:0.000015570
1:41817707:[9439165184,41412155776,-19534704495,83770474282,-27656768471,37534584900,-3617670316]:[2592,85315030]:28800.0:0.0014:0.000015864
1:44107361:[-13574713916,70641257572,-6868979011,18373486320,924823994,-8294876360,1689623393]:[-2376,89626066]:28800.0:0.0014:0.000015273
1:44107361:[-8810223259,57654267178,-11442136459,14884170340,11310399416,-6323133884,-2186966256]:[2376,89626066]:28800.0:0.0014:0.000015852
1:45984223:[19404448461,69623415882,-15687062967,-10877534896,18544841356,-4721371020,1781815720]:[8528,110150142]:28800.0:0.0014:0.000015883
1:47217727:[-1645910228784,-2832451667592,-10194543644939,-15359895799764,-9676242694412,1400601757236,234978750832]:[22100,216537954]:28800.0:0.0013:0.000018317
1:47564191:[-30467354256,39321982980,-19567260228,17731062320,-60746606939,-49259640366,-8587951375]:[6440,105496782]:28800.0:0.0014:0.000014976
1:49864681:[-47229440400,28473099300,-24234025548,1360175548,-53421145727,-39054885584,-6580256368]:[13136,142867986]:28800.0:0.0014:0.000014596
1:51675931:[-13202745011,82495064092,-90790153906,2817100008,28344533609,-30183468512,-13668770680]:[9320,125067462]:28800.0:0.0014:0.000016137
1:71020529:[-33216220824,117826321536,-1651801031,-6402050214,29583072477,-1042762352,1702858764]:[2016,143057122]:28800.0:0.0014:0.000016380
1:85872599:[3781368548,6219445380,-109567799039,-110384074064,-39480902936,10792993284,5274412640]:[14256,222553582]:28800.0:0.0015:0.000017991
1:115512823:[9820659905,156564658164,148157186698,178590148444,26078276541,37343171452,-2917536484]:[22856,361624830]:28800.0:0.0014:0.000017024
1:136590821:[4370906272,-281376757540,-57288600,1092727540,70344189385,14322150,-546363527]:[0,273181642]:28800.0:0.0012:0.000017570
1:140593477:[-57236212038956,-68060140640836,-37254731585659,4017230842356,13346276620994,-446300413972,942859282769]:[13868,329267310]:28800.0:0.0014:0.000017171
1:250287227:[-620279932275,274695956334,-285400329483,-133172046628,95317862128,-50896801980,-19641010688]:[-52128,1179906550]:28800.0:0.0015:0.000017633
1:273894011:[-1133479012300,-901448874300,-1337486786219,-380633373604,-165111523566,85481059076,46558805825]:[27360,734930422]:28800.0:0.0015:0.000019497
1:273894011:[149365782016,555787964416,98697904593,914135368568,146792886544,322247653188,140226655744]:[-27360,734930422]:28800.0:0.0015:0.000019001
1:280564721:[-226770500608,1424863052028,-2389460257943,724193713366,-731277369435,-146706406524,-16336600668]:[-40104,963212146]:28800.0:0.0014:0.000020296
1:318667841:[3165598678649,-2614983770478,-2103889591727,-1469339298148,-1053904586712,-177538038700,-90636777376]:[23472,775069378]:28800.0:0.0015:0.000019128
1:348736123:[421081037776,-1671888957016,1121055622301,911868081180,-219359500090,-255718837024,-41050284175]:[19904,796514550]:28800.0:0.0015:0.000015562
1:398824847:[-893843898840,801910211788,-514204892560,52630321052,135379074425,28032262030,39957289849]:[-15480,857557294]:28800.0:0.0016:0.000018265
1:456463099:[-2116073063468,1478909039284,-2814863899167,1205029574814,-774931713299,134327844300,42024759200]:[-24592,1064117814]:28800.0:0.0015:0.000019288
1:456463099:[229196510720,-1230398489344,497670725073,-1373279333674,730354038121,-302364185412,314152236116]:[-24592,1064117814]:28800.0:0.0015:0.000018799
3:2239:[330082336,-167351816,694410177,-331443648,432619580,-97880124,11598020]:[0,-3202]:28800.0:0.0055:0.000019013
3:2239:[-354523260,4442032704,-10127919468,-23523014604,-15046798719,-4029004374,-437726739]:[0,2350]:28800.0:0.0060:0.000018342
3:2239:[3827077920,1136623872,262760084,102125268,-34276851,33576044,-1450872]:[0,-2530]:28800.0:0.0059:0.000018326
3:2239:[-414801618000,-362824576400,290630573860,-8461342208,-154287286824,70866992020,-14802201403]:[0,-2146]:28800.0:0.0058:0.000017758
3:2239:[511251021,-888954648,1304624998,-1238355076,857283993,-399303260,144917036]:[0,134]:28800.0:0.0056:0.000019763
3:2239:[596368845,-986351148,196933484,-714666410,239277452,58061748,2720385]:[0,-370]:28800.0:0.0063:0.000016293
3:2677:[-981356076,-2357291244,-2348872079,-390451158,1129364729,305884728,-159806192]:[0,-430]:28800.0:0.0059:0.000017673
3:2683:[8499744,-325394240,4112824360,-8778282328,-14053521804,-5502629092,-657713303]:[0,2774]:28800.0:0.0056:0.000021443
3:2683:[9931057425,-3579181026,96912643,45761248,32788943,-33446278,-6613595]:[0,-4466]:28800.0:0.0059:0.000021151
3:2687:[-97444055,-532783734,-1357781405,-1366801664,-413419133,-96135486,4575961]:[0,2863]:28800.0:0.0057:0.000024818
3:2833:[656386269,26023938,-1032070399,359439708,225744772,73397364,7977728]:[0,-4786]:28800.0:0.0057:0.000021496
3:2903:[-75794427,-1254096,1230477192,-24408052416,-12705211740,-1618898592,1532784]:[0,-818]:28800.0:0.0058:0.000018317
3:2903:[-82691955,-660438306,-2790128457,9369246708,1512187215,-2955782346,507731797]:[0,-5514]:28800.0:0.0057:0.000022363
3:2953:[31542859296,-35630189280,2706495372,3752258980,370521769,21273412,-1346568]:[0,5830]:28800.0:0.0061:0.000022672
3:2957:[-1096633020,-4037475972,1769873909,1710470736,45531886,-9568852,-2208879]:[0,4706]:28800.0:0.0057:0.000022189
3:3079:[-1007267139,990569722,735994923,-577694296,-91418589,47422758,28114349]:[0,-2410]:28800.0:0.0061:0.000020031
3:3119:[63973809,-685306680,914628036,1477863294,-1433355164,-692767328,571559869]:[0,-1982]:28800.0:0.0062:0.000019946
3:3181:[1653725556,-289076556,-2619321287,-649324806,1479308145,405157608,-220443300]:[0,-3862]:28800.0:0.0058:0.000021322
3:3181:[-4961176668,867229668,7857963861,1947974418,-4437924435,-1215472824,661329900]:[0,-3862]:28800.0:0.0058:0.000021282
3:3187:[-6253913840,-8836148720,-1068652092,1490508908,-140524391,-39091742,1717793]:[0,3078]:28800.0:0.0060:0.000021214
3:3203:[-20147766840,-10142722296,-9679379519,-2285205974,-519209503,57167144,-2306160]:[0,4878]:28800.0:0.0058:0.000022456
3:3203:[-2355934620,16890866756,-55574573964,16498114896,47447291373,14077844818,441216453]:[0,2686]:28800.0:0.0058:0.000020923
3:3203:[-2772414304,-5635614440,-3132575639,385327306,-593660035,9647436,23638140]:[0,-874]:28800.0:0.0057:0.000019149
3:3203:[-41064830220,-302212569316,-230750324211,-31175593344,11480717892,-437491364,7802508]:[0,2686]:28800.0:0.0057:0.000020835
3:3203:[851328573,-8730083988,14812926912,-4271488770,-6961489884,2977021944,1258634865]:[0,4230]:28800.0:0.0060:0.000021990
3:3209:[10134025209,44226861588,14531090070,-34213087236,-3817230651,-7514797692,1542206892]:[0,-5906]:28800.0:0.0063:0.000023109
3:3209:[-3378008403,-14742287196,-4843696690,11404362412,1272410217,2504932564,-514068964]:[0,-5906]:28800.0:0.0062:0.000023193
3:3229:[-426847968,-6746595104,-32396569916,-37674396248,45760561376,-13952315260,1351120157]:[0,5782]:28800.0:0.0058:0.000023047
3:3229:[4368191151565,981627566278,-68856400417,-20563473188,613726343,121972246,-4569035]:[0,4342]:28800.0:0.0060:0.000022329
3:3229:[-53703333072,29912371056,44326071668,-17855362552,-13901581212,2777172488,1632779369]:[0,5782]:28800.0:0.0060:0.000023250
3:3229:[-93576420,988732716,-3783881047,-3963939774,-1264802529,69468706,39978249]:[0,1414]:28800.0:0.0058:0.000019714
3:3331:[129631167952,-16539321032,-423487101375,-9177984244,204628239894,-69379027328,-39313797731]:[0,806]:28800.0:0.0059:0.000019439
3:3331:[-1578520928,-1596668216,383234881,600252862,-1355040807,547070116,-90763088]:[0,1638]:28800.0:0.0057:0.000020089
3:3331:[-5552137448,-52789541436,-157487601456,-96394303388,3755019645,520675272,20239156]:[0,4198]:28800.0:0.0059:0.000022274
3:3391:[-744297372,3915587700,-3526860415,-3623344538,-2563884235,-667145340,-140143248]:[0,5990]:28800.0:0.0065:0.000023823
3:3407:[14011365861,-8328881666,9449331535,-3146337244,597591207,-36216410,-254124723]:[0,-562]:28800.0:0.0062:0.000019166
3:3413:[-2362819900,-2783096720,-2086257684,3992896004,407624829,-543151646,-93430875]:[0,-922]:28800.0:0.0060:0.000019728
3:3457:[-7574864319,50463896286,-102971463805,60808871990,-92353755,2186234456,119086736]:[0,-5010]:28800.0:0.0064:0.000023186
3:3499:[7937114105,3683509268,1166363658,-1487914760,-357825235,143165084,10049128]:[0,-3082]:28800.0:0.0059:0.000021841
3:3499:[-965503563,3086118,1269125789,444051092,-398396140,-292558388,-78741496]:[0,6110]:28800.0:0.0063:0.000024211
3:3511:[273731604,-1397335868,1129976729,683949822,-686319747,119949804,62425580]:[0,-4058]:28800.0:0.0058:0.000022307
3:3527:[-125899792,-1051610320,-3554947948,-1837228408,4816598172,-1109848144,-162471255]:[0,462]:28800.0:0.0059:0.000019886
3:3527:[1264175556,-2123832428,-65267135,380979486,22463463,-162559430,-42962387]:[0,3742]:28800.0:0.0060:0.000022580
3:3527:[-13791349467,12337488324,-5205852000,-3380149828,896154268,-144804512,-175108496]:[0,-1289]:28800.0:0.0063:0.000025137
3:3527:[1755006984,578949996,-1671462935,-581193168,511520810,93380852,8122681]:[0,5446]:28800.0:0.0058:0.000023510
3:3547:[4780788480,-5167822932,4047577469,-509526550,-209588683,182727252,33285048]:[0,126]:28800.0:0.0058:0.000019579
3:3617:[-38725092204,-191105381376,-180474873696,132178635240,-8613263376,-3579267456,966769845]:[0,-857]:28800.0:0.0060:0.000024686
3:3617:[-431996395,1370987680,-195310766,-819699008,-1839255351,-886743720,-377527992]:[0,-920]:28800.0:0.0064:0.000019780
3:3643:[95519460,-422835724,-1632038499,-1852261492,-869890112,-590632304,-43613996]:[0,-6250]:28800.0:0.0062:0.000024332
3:3671:[412102789,1557546564,-661227862,-338378096,-470713975,372019140,-127838904]:[0,294]:28800.0:0.0062:0.000019676
3:3677:[-3404387220,-575744660,9561100865,2156119260,-7439784410,-1108541960,815429905]:[0,950]:28800.0:0.0062:0.000020471
3:3677:[-680877444,-115148932,1912220173,431223852,-1487956882,-221708392,163085981]:[0,950]:28800.0:0.0063:0.000020505
3:3677:[-713323292,820235744,1400940677,-1652723252,-810719668,1353724320,607675728]:[0,-562]:28800.0:0.0059:0.000020023
3:3727:[-10180736559,-1831954672,-2521695654,140835876,-127243507,-15310516,-7662712]:[0,1374]:28800.0:0.0058:0.000020943
3:3727:[3096427230120,-334856131448,81489032497,-1867554976,754844218,163988,2321921]:[0,-3730]:28800.0:0.0062:0.000022736
3:3727:[-52420255,712140252,1268752794,-2644202144,911292497,-226020188,10942472]:[0,-1354]:28800.0:0.0061:0.000020872
3:3727:[-65777823,590505880,-774463146,-837441992,1583255689,1447149376,290750724]:[0,3046]:28800.0:0.0059:0.000022544
3:3803:[-47130579,-570564090,4751723001,-798569152,2106405640,-1100649048,143890308]:[0,4558]:28800.0:0.0062:0.000023636
3:3853:[-13608329787,2937280608,2070394138,-380198628,-219170199,-55097900,4716072]:[0,-3254]:28800.0:0.0059:0.000022189
3:3853:[-69265319352,9390809016,-4203927387,-6113416392,813314358,-1272784608,24354813]:[0,7614]:28800.0:0.0057:0.000025537
3:3889:[-925329215,-1570533760,-2767513514,-2370843292,-1806903291,-663650072,-185660860]:[0,6978]:28800.0:0.0059:0.000025284
3:3911:[1692817685,-581894224,-192773190,239947672,212191305,-191513848,-10137312]:[0,990]:28800.0:0.0063:0.000020878
3:3919:[27762196000,15909885920,58164622300,28960234300,39258876425,11787372250,4404466125]:[0,3758]:28800.0:0.0063:0.000022822
3:3919:[-67079485120,-2081145760,-41468898500,9036038300,-15492688775,866804420,-2701209940]:[0,3758]:28800.0:0.0061:0.000022990
3:3919:[-921737043,2400896970,-2560921497,8432520138,3398396121,268106628,-42090060]:[0,-5766]:28800.0:0.0060:0.000024246
3:3929:[159800288,3823262752,35844502740,-12302704824,-1369272216,226546140,20277569]:[0,3770]:28800.0:0.0069:0.000023227
3:3929:[-2074512,-1487047920,1263393524,522714160,222475696,445988648,141243621]:[0,4174]:28800.0:0.0059:0.000023335
3:3943:[5834535960,4730369784,-5015720751,-1008919068,2035187336,-738918200,102060612]:[0,-4610]:28800.0:0.0065:0.000023935
3:3947:[-844089632,-1444854608,2116681372,1245420592,-2641967867,1349068812,-348030672]:[0,-1506]:28800.0:0.0062:0.000021508
3:3967:[10866279456,-14948132040,1087953717,-544851582,55407089,-114995396,115757060]:[0,-2154]:28800.0:0.0062:0.000021125
3:4003:[-222646860,1327811112,-591419232,-1517153012,1755231437,-525730002,-236517255]:[0,4450]:28800.0:0.0061:0.000025577
3:4003:[-730835716,-4702644340,-2213743063,-2404321890,-1598105681,-154315650,-190402695]:[0,2806]:28800.0:0.0059:0.000022346
3:4003:[7426845960,1147996352,-883049791,-995289908,-416840396,98057488,8246180]:[0,4450]:28800.0:0.0061:0.000025542
3:4007:[1158051049,-420783084,-1766285600,-409379162,124040692,-96985428,-84147]:[0,-2674]:28800.0:0.0060:0.000022518
3:4049:[-502298695,265088030,-232359963,2112330908,-3770525976,-260366896,1101328]:[0,-4370]:28800.0:0.0066:0.000023665
3:4051:[98949142656,372927217264,124720920037,-394388929144,-226063308422,99536926552,73463260549]:[0,1024]:28800.0:0.0060:0.000021564
3:4079:[278350960,2222630784,-4454186420,-345523932,2062338321,411138726,-5535203]:[0,-482]:28800.0:0.0061:0.000020988
3:4079:[631347620,3316781744,6836106233,3865945672,-1636046110,132910136,-101975]:[0,-6978]:28800.0:0.0060:0.000025403
3:4091:[605966365620,264788698608,-103065107103,-35092581636,7527636368,1253498764,-239405320]:[0,-4170]:28800.0:0.0061:0.000023292
3:4091:[-86566623660,-37826956944,14723586729,5013225948,-1075376624,-179071252,34200760]:[0,-4170]:28800.0:0.0059:0.000023285
3:4153:[-382906600,552847360,-264911564,-744732572,232306361,-423905016,-36662684]:[0,-5327]:28800.0:0.0058:0.000031087
3:4157:[1706944430100,2411160699168,1776430347900,-249882524448,15183230493,5846554452,-321053424]:[0,5486]:28800.0:0.0058:0.000024438
3:4157:[-29410775,-161832010,935229389,-8425091668,-6627455216,-1830077680,-169738624]:[0,-8266]:28800.0:0.0058:0.000026722
3:4157:[-568981476700,-803720233056,-592143449300,83294174816,-5061076831,-1948851484,107017808]:[0,5486]:28800.0:0.0058:0.000024607
3:4177:[-2026479904,-8250209904,-9497044404,-4802012864,-6221587199,-184523152,-1154589632]:[0,-3251]:28800.0:0.0060:0.000029183
3:4177:[-2443641071,3478488644,925790280,-5173565368,667401060,146896736,9490144]:[0,8134]:28800.0:0.0058:0.000026658
3:4217:[-722435355,-2723355468,-3084060780,290272978,1550337880,88253376,-351710451]:[0,578]:28800.0:0.0061:0.000021082
3:4217:[-9176192,-1158359296,3561880616,-2649237476,-4904046291,-2140734748,-273582092]:[0,1070]:28800.0:0.0063:0.000021642
3:4217:[-92284828,1722526424,2801913961,6932225092,-2500613528,286148752,1147024]:[0,1070]:28800.0:0.0060:0.000021565
3:4253:[-2268886187,585357402,578769505,1243313514,-894023130,-158602876,-7378955]:[0,-2897]:28800.0:0.0059:0.000028752
3:4349:[153858539288,-26799842700,-7394843895,1509442222,78277651,-26294054,-395759]:[0,-4830]:28800.0:0.0060:0.000024178
3:4349:[-9329753136,4193305800,3698776661,-3994947910,-189716427,538354012,-25380764]:[0,6682]:28800.0:0.0056:0.000025518
3:4363:[-16418339855,-21687905810,-45213904253,-33620806796,-33228882869,-11979532730,-6319879671]:[0,1742]:28800.0:0.0059:0.000022342
3:4363:[-2422023464,-3575461048,1073084213,-1023437636,-77565414,47731220,-30231227]:[0,-4274]:28800.0:0.0057:0.000023973
3:4363:[359506837,1377678332,-1211596374,-2408376,587970969,158411804,-1099476]:[0,-7514]:28800.0:0.0059:0.000026362
3:4397:[-129073935,1280168962,-2399121919,-2086376500,1604166304,1473698520,261920496]:[0,3646]:28800.0:0.0061:0.000023612
3:4421:[-11097417360,-12368896960,2163018460,7593633388,1536562760,-1219612428,-327149579]:[0,-6422]:28800.0:0.0061:0.000025541
3:4421:[-326588112,-2125899744,-6426188760,-2097888288,2025848093,-234463314,75157]:[0,6046]:28800.0:0.0060:0.000025563
3:4463:[370250480,4249704304,3425638132,-6785580904,-2523826500,3745653084,-870860727]:[0,5054]:28800.0:0.0060:0.000024801
3:4463:[-9808924216,-24949330380,25618204653,77343647184,21043571634,4703395032,212684265]:[0,5038]:28800.0:0.0063:0.000024912
3:4463:[-9996762960,-38247338736,-10276914396,6785580904,841275500,-416183676,32254101]:[0,5054]:28800.0:0.0061:0.000024895
3:4483:[110730620028,72140400136,29084820849,-17127920154,-1837541353,-308439366,96308289]:[0,-3494]:28800.0:0.0057:0.000023735
3:4483:[-501383203,799193376,-524403408,266514350,-403882436,-291771572,50366505]:[0,-4346]:28800.0:0.0058:0.000024472
3:4483:[-7139935127,-7845752096,11654652352,25636313446,5805341544,-2424693312,-2600323803]:[0,-3494]:28800.0:0.0059:0.000023623
3:4493:[-5809125504,-2970699712,7287016980,576937144,-3097487679,735620918,-38293839]:[0,-6170]:28800.0:0.0063:0.000025561
3:4507:[-749604240,9244235588,-36019642031,32182837438,46664337729,15138472160,1520229128]:[0,-1562]:28800.0:0.0062:0.000022674
3:4549:[421856064,1066594932,1543475700,1277195436,-355508899,-1082207100,342466916]:[0,-2318]:28800.0:0.0059:0.000022806
3:4567:[9218398160,17219891768,7379993413,2889394756,3810248100,-418282396,428110580]:[0,5374]:28800.0:0.0060:0.000025069
3:4583:[-169106370302255136,-257121162595745328,-34751718474137012,59870055021979128,-536722243187223,3130356721594512,416278949632]:[0,-3738]:28800.0:0.0064:0.000024318
3:4621:[-27039129939,-716328936,-3513364784,1657635878,48224756,-65414876,-5947227]:[0,-5438]:28800.0:0.0059:0.000025409
3:4637:[7415012789,-8331353544,34701545940,16540559234,28374266700,7426303884,10412926029]:[0,3280]:28800.0:0.0064:0.000023812
3:4703:[-83807460,-630070316,-4424116803,2180583574,-2924687531,663085376,-363918140]:[0,-442]:28800.0:0.0063:0.000021905
3:4721:[-10667075895,-12676083282,-13201856331,-10897918632,148428240,56821956,6005112]:[0,7902]:28800.0:0.0058:0.000027203
3:4721:[3555691965,4225361094,4400618777,3632639544,-49476080,-18940652,-2001704]:[0,7902]:28800.0:0.0058:0.000027242
3:4721:[46830960352,27223778688,7788649148,1410766988,945866513,-79822668,18241944]:[0,-7450]:28800.0:0.0064:0.000026641
3:4721:[-486055276,1697350572,-8197180883,12267782876,-11354439332,4779615936,-1167484416]:[0,-7450]:28800.0:0.0064:0.000026795
3:4723:[-1267752383,1998981412,5198351058,-3603176700,-7411978651,-3044578044,-350049868]:[0,4846]:28800.0:0.0068:0.000025537
3:4733:[1216456728,1906130556,2549558241,-37756873278,28782835497,-7282553508,-24308688]:[0,2630]:28800.0:0.0065:0.000023915
3:4817:[-21609389556,22188238812,1836418629,-6265134710,-990177703,-63622936,1888264]:[0,-2490]:28800.0:0.0064:0.000023440
3:4967:[-1343638071,3561805898,-3523406021,93131250,1389066253,-280059328,-203468188]:[0,-6522]:28800.0:0.0059:0.000026752
3:4967:[387341561,-702641754,-1606223493,8804027368,6544087071,1001973042,133706673]:[0,7000]:28800.0:0.0065:0.000026954
3:4967:[-5234284204,21527136944,19181600336,1092839340,-1698992152,81617744,-4952099]:[0,7000]:28800.0:0.0064:0.000027148
3:4969:[311158780,1676719484,3482459053,4608856818,437376349,-382791884,101367600]:[0,-1154]:28800.0:0.0062:0.000022734
3:4973:[-52375014375,37228872600,3049473438,17475221460,-4506985143,-2490458508,-293546244]:[0,5614]:28800.0:0.0059:0.000026066
3:4987:[20646180,-1582055932,3757519981,2317189602,902751727,82654538,-11834151]:[0,954]:28800.0:0.0057:0.000022979
3:4987:[-61938540,4746167796,-11272559943,-6951568806,-2708255181,-247963614,35502453]:[0,954]:28800.0:0.0059:0.000023126
3:5003:[-300300072,-450810324,-211892059,-1428286458,-1557488933,-814438370,-77211299]:[0,4566]:28800.0:0.0062:0.000026041
3:5009:[-4602830208,19951768656,4185705733,-6811999568,122349834,671927296,-114580875]:[0,8466]:28800.0:0.0059:0.000027900
3:5087:[220198730720,203772807720,267060963205,8438875170,-22629341455,3093201220,-15566220]:[0,-9266]:28800.0:0.0061:0.000028713
3:5119:[2075713548,-903831116,-5438144055,3079733732,2495932258,-705357248,-90590943]:[0,5374]:28800.0:0.0071:0.000026134
3:5119:[-216886911,-1100349526,1407975831,-3658661918,-780447859,-255233340,35587288]:[0,-2938]:28800.0:0.0071:0.000024345
3:5147:[-1320905492,-3410834548,-4524176971,2824169194,213410061,-363089968,32076104]:[0,-3098]:28800.0:0.0061:0.000024686
3:5147:[3306021040,2803879720,-1519667191,-949055330,1151306695,-209204962,-6119783]:[0,1290]:28800.0:0.0060:0.000023427
3:5237:[-3617719600,-7698871804,-11831639880,-7432664620,366427653,-26342110,-1984823]:[0,5062]:28800.0:0.0063:0.000026190
3:5261:[14329301524,-5390841480,-9862986096,2307095808,1480240221,117562306,405097]:[0,-4762]:28800.0:0.0061:0.000026118
3:5273:[-392711948,-3341204812,-8743936431,-5317831046,1641985835,-249128158,4666605]:[0,4202]:28800.0:0.0061:0.000025376
3:5273:[-7792650320,5053516648,3216471997,-2350039002,-293205165,319849634,11416045]:[0,474]:28800.0:0.0061:0.000022998
3:5279:[1573057536,235232240,2391323652,1123096692,1709651661,235010522,16211809]:[0,9238]:28800.0:0.0064:0.000028702
3:5279:[2014048936680,-2442052350312,647816153905,-13915032238,-1754385907,-6567076,485668]:[0,4502]:28800.0:0.0064:0.000025758
3:5279:[-4719172608,-705696720,-7173970956,-3369290076,-5128954983,-705031566,-48635427]:[0,9238]:28800.0:0.0063:0.000028844
3:5323:[1968913824,-2836733160,3630365845,-4891475036,2663575970,-2640399628,1993649805]:[0,-7546]:28800.0:0.0063:0.000027765
3:5323:[-5906741472,8510199480,-10891097535,14674425108,-7990727910,7921198884,-5980949415]:[0,-7546]:28800.0:0.0062:0.000027907
3:5437:[-2058121980,16565386356,-17275453119,-29870171190,29046547245,18473447136,2357265720]:[0,1334]:28800.0:0.0063:0.000023800
3:5449:[-229844072836,190521865644,178222644396,-281627663516,-37268539031,1278477074,-22836759]:[0,2014]:28800.0:0.0064:0.000024225
3:5479:[-6718853868,-11461454352,-15236951067,126105847464,-81407825766,2162188728,673917]:[0,9478]:28800.0:0.0062:0.000029399
3:5483:[15283687044,-42480068868,27771696565,5462888356,-5413782608,-1353752700,-82398524]:[0,-8510]:28800.0:0.0066:0.000028668
3:5483:[-1854838587,1707504894,-16368975615,-45047099808,4219168500,-429384696,-9737808]:[0,-5626]:28800.0:0.0063:0.000027085
3:5483:[618279529,-569168298,5456325205,15015699936,-1406389500,143128232,3245936]:[0,-5626]:28800.0:0.0060:0.000026940
3:5503:[24376984028040,1918936403972,-579382612095,-32142450688,4279308896,114946664,-10609784]:[0,670]:28800.0:0.0071:0.000023481
3:5503:[-2882058675,-7398046098,1550783921,5873219828,83249384,-1534412496,-10301616]:[0,4094]:28800.0:0.0070:0.000025534
3:5503:[29930817,1192114890,15438550937,10664285712,-11570739872,2378132456,-88444216]:[0,622]:28800.0:0.0067:0.000023519
3:5639:[-449924532,1734533844,1986439252,-4192776948,773507269,129753390,12174601]:[0,-2042]:28800.0:0.0060:0.000024966
3:5641:[-7209937574587,-5335722212248,-1305724278196,-83779906360,8931124532,725026448,-38358800]:[0,5941]:28800.0:0.0064:0.000035035
3:5651:[3436480469,-2054624486,-7078346533,661811214,4041657361,1848848972,545185876]:[0,7466]:28800.0:0.0063:0.000028200
3:5669:[-635602611,2737526086,-921671689,2635665494,-1667610047,-702071636,-183925036]:[0,-598]:28800.0:0.0062:0.000023656
3:5669:[697967280,7942858576,-13908437980,3635552376,4016259740,-673522552,-289181359]:[0,734]:28800.0:0.0065:0.000023893
3:5701:[-46660262075,54330530,-42298529593,2415878564,-10476414145,849369186,-309991875]:[0,2582]:28800.0:0.0064:0.000025232
3:5711:[10608770733,9384292356,-9539174676,3070953186,-1079721660,160433412,440746425]:[0,734]:28800.0:0.0065:0.000023703
3:5749:[550869180,-1520426532,7968740641,-3345343100,-3633712940,1256409456,874215936]:[0,6882]:28800.0:0.0061:0.000027945
3:5783:[-33999650703,43899493224,-81721435126,-6546332868,-587026547,36941804,-1896824]:[0,8046]:28800.0:0.0063:0.000028806
3:5807:[-179070459,-1739672674,259996811,-3642603346,1410282213,676236764,188959780]:[0,3142]:28800.0:0.0062:0.000025875
3:5807:[-18040589479,83744732994,-126079371533,-25386136708,9194832835,-14819800806,-4813822983]:[0,-9458]:28800.0:0.0064:0.000029950
3:5807:[54121768437,-251234198982,378238114599,76158410124,-27584498505,44459402418,14441468949]:[0,-9458]:28800.0:0.0064:0.000029720
3:5813:[10131623025,-35700365110,29871559563,-1937937940,-2199831029,-149777758,-4667839]:[0,6022]:28800.0:0.0060:0.000027616
3:5827:[-507622088424,-874088714588,527011541637,1093508525104,-341570605508,-399262031024,150981951904]:[0,5126]:28800.0:0.0062:0.000026813
3:5849:[754521,1231272990,-3884057695,15316144608,-4464518304,445647008,-18389256]:[0,2334]:28800.0:0.0061:0.000025370
3:5849:[808355196,-3131788560,5252782185,3176007000,-4440642686,-730493308,913666441]:[0,-970]:28800.0:0.0065:0.000024588
3:5851:[-20194024380,189800097516,-700511355315,-360292842894,314487288873,112443394608,1663743552]:[0,4762]:28800.0:0.0063:0.000026982
3:5869:[101674556,-4037073816,-23442288464,79635052440,-3652366735,32831186,334533]:[0,-2666]:28800.0:0.0071:0.000025674
3:5879:[-69781566528,43458555672,-21914730891,1494230156,1934661320,383169704,4021236]:[0,110]:28800.0:0.0064:0.000024047
3:5981:[-454723468,141127676,-1664368756,6276533172,-1689291583,248223462,-50617203]:[0,4286]:28800.0:0.0063:0.000027308
3:6029:[-1755451872,1000235216,-3188014620,-946094796,-803490859,445506926,-109094755]:[0,9898]:28800.0:0.0061:0.000030824
3:6029:[2130871673,-7723993060,3803394650,-4352745072,-833877019,-315606092,10635156]:[0,8502]:28800.0:0.0059:0.000031736
3:6029:[-822590731,-1351147132,-4232707682,-2831628372,-1482573303,481741216,-158080380]:[0,-2542]:28800.0:0.0064:0.000026154
3:6043:[258060272,8665686172,95859353625,100431312178,35385795681,618706512,-1366201440]:[0,3970]:28800.0:0.0065:0.000027572
3:6131:[39655308,-862558128,-9181963399,-17938288254,-10594999493,38196130,1563405]:[0,-162]:28800.0:0.0063:0.000024685
3:6151:[-473627,1817214534,50017428543,-34482038524,3943633687,628004798,104191789]:[0,11134]:28800.0:0.0062:0.000031090
3:6173:[-18782809328,-10266884216,-2920514203,-2039435740,-630399106,8321204,-62958427]:[0,7498]:28800.0:0.0063:0.000029715
3:6199:[-19435327964,20674408880,20344938229,-19979835726,-4069141381,4789062246,-709568535]:[0,3406]:28800.0:0.0065:0.000026862
3:6217:[1876495761,-9373880694,29558919227,-41090366252,3202867843,19921618026,4354989849]:[0,-578]:28800.0:0.0067:0.000025063
3:6217:[-19271873139,-41246425386,-22038935499,24652071156,36070437168,-1055497392,-11501101848]:[0,4855]:28800.0:0.0064:0.000035696
3:6277:[-118384220,2342727048,-274549703,-5460073558,-5904165031,-2415916868,-540700780]:[0,10282]:28800.0:0.0060:0.000031114
3:6287:[2088761445,389366484,-3183032656,-7571748450,-2653264888,1112472076,-95141171]:[0,-942]:28800.0:0.0062:0.000025529
3:6299:[1914392080,12515205944,17684662965,-130414496,399948706,-475599696,59582241]:[0,-146]:28800.0:0.0064:0.000025070
3:6323:[-23605080507,-28690346934,-13085480115,16269205460,19068928692,-3524971332,182051816]:[0,-7546]:28800.0:0.0057:0.000029393
3:6323:[3671892560,-4736609884,6299604900,-1448447548,140136649,1095434458,223043825]:[0,-1930]:28800.0:0.0063:0.000026097
3:6353:[-234171580,-5048678276,-24145916983,-28138097712,10966523188,1149740528,18118756]:[0,-3206]:28800.0:0.0059:0.000026796
3:6367:[1107350168080,334178005448,109064462449,33551950688,4784329342,789584404,100770509]:[0,-1666]:28800.0:0.0063:0.000025729
3:6367:[226171120800,358920524000,59452881220,90276674280,-17952647880,-3032347420,-12511155]:[0,-6594]:28800.0:0.0062:0.000028952
3:6379:[1716837681,-2994557760,-1862438356,6298726664,-7317810188,-2213870224,-353447632]:[0,3782]:28800.0:0.0066:0.000027249
3:6421:[129765873705,-87951724552,-161894599300,-12451346360,101671577988,71262518192,-9234836304]:[0,-3930]:28800.0:0.0063:0.000027348
3:6469:[-1121252363,-3475754886,-1160984961,2824973486,1722804673,-1228100836,-129561132]:[0,6196]:28800.0:0.0067:0.000028974
3:6469:[-4030232283,-3238640160,10009380196,-7802286776,605627780,-1304046896,-23288400]:[0,662]:28800.0:0.0060:0.000025418
3:6491:[-2593887983,-1913520836,-5457736656,3668077082,-3204918268,7128130596,-3037794491]:[0,8230]:28800.0:0.0068:0.000030137
3:6491:[-4189921027,-2520896688,-4136844120,3838219174,-261743084,3962314112,-2294574991]:[0,8230]:28800.0:0.0064:0.000030206
3:6491:[4881309892,1535718672,7286147500,-1841912124,-99085115,995420814,-15247359]:[0,5670]:28800.0:0.0063:0.000028466
3:6529:[3529211776,-7043955288,1599611529,2930136852,431632190,-477975032,-101062391]:[0,-5846]:28800.0:0.0065:0.000028399
3:6551:[-119621260,-751032844,19266379633,-59360615606,-24323201349,-3171692854,-139228403]:[0,3578]:28800.0:0.0066:0.000027581
3:6551:[-1211627103,6825906164,-2747148748,-15936774924,-15738515460,-7073612576,-1392270928]:[0,-6602]:28800.0:0.0065:0.000029299
3:6551:[92681052069,-21323085736,-46420779060,3660790514,6841576156,-140217604,-316996339]:[0,8146]:28800.0:0.0062:0.000030194
3:6653:[-84890550220,220945730820,-54799982599,-33908185428,7284968470,2145352992,101664493]:[0,-5194]:28800.0:0.0059:0.000028357
3:6679:[-140576813536,53617729632,-23550100568,2026836056,-1195654543,-15896020,-18647768]:[0,-3350]:28800.0:0.0071:0.000027560
3:6779:[23265528,-4810649560,-52124063171,-154611825572,-92101188750,-20356604868,-1563461107]:[0,358]:28800.0:0.0061:0.000026123
3:6791:[116247054501,88042163976,-2104123440,4443473538,-113735668,138156104,-2994831]:[0,6286]:28800.0:0.0064:0.000029994
3:6791:[-4305446463,9782462664,701374480,4443473538,341207004,1243404936,80860437]:[0,6286]:28800.0:0.0061:0.000030057
3:6857:[1800977336,15388534256,19924775749,-2776687294,-11689148471,-770973652,1901446100]:[0,9350]:28800.0:0.0065:0.000032012
3:6869:[6486286796,-8597322828,-28778135723,-4317908352,20887955838,10469317660,-6149671451]:[0,-3530]:28800.0:0.0068:0.000028162
3:6899:[3176327196,4835895444,-3654241623,3138065342,-4537492997,846631482,-25974735]:[0,-6794]:28800.0:0.0066:0.000029659
3:6899:[701317845,-7619683338,13612478991,-3138065342,1218080541,-537321716,-117641748]:[0,-6794]:28800.0:0.0065:0.000029962
3:6899:[9685506100,3849283252,4080337661,-2221905738,-465744591,141263924,51659712]:[0,-1218]:28800.0:0.0060:0.000026491
3:6949:[-26764316715,142987279830,132937948735,312028723320,196077257635,75937073730,3476341485]:[0,8539]:28800.0:0.0061:0.000040006
3:6959:[14953610544,10448186928,10845991204,3069225196,1798170805,-190105962,251463465]:[0,4318]:28800.0:0.0067:0.000028498
3:6961:[-33673134439,148866442424,-379695694462,361530171408,56198554545,-93944681460,-23236541944]:[0,4778]:28800.0:0.0067:0.000028926
3:6971:[1539057380,-1508161908,-1911232099,2458002484,793244032,638710904,1160392660]:[0,-7650]:28800.0:0.0066:0.000030316
3:7019:[-7861336152,7956176880,-393941375,728881036,-1014427994,-1021348728,-176127767]:[0,796]:28800.0:0.0068:0.000026699
3:7129:[-3383934634848,1342180365984,1041043278924,-469219915404,-52376613291,41486887566,-4388377143]:[0,-254]:28800.0:0.0062:0.000026284
3:7129:[9325394997,-219393663264,1400296758174,-1282349463552,421516019421,-49796122032,1257213408]:[0,-254]:28800.0:0.0063:0.000026267
3:7159:[-5154480,-4127593040,-3409659884,2217543204,1382624829,310414240,661577508]:[0,-226]:28800.0:0.0066:0.000026044
3:7243:[1372077705,2793654072,-5525858532,6575427176,-5474114540,-1802406064,138717936]:[0,506]:28800.0:0.0062:0.000026733
3:7477:[-670529883,393828544,823083114,-1797515662,-873007043,-271818858,404662717]:[0,-5351]:28800.0:0.0063:0.000038647
3:7529:[-547742279,-3116659666,-1110504913,-5200807330,-1395387215,-1561665180,-1046500884]:[0,-1294]:28800.0:0.0061:0.000027581
3:7573:[-5521739355,48253929174,11681769015,-42443484340,-9910792673,-1415984394,-680774835]:[0,1574]:28800.0:0.0062:0.000028163
3:7583:[-4209110976,8337114184,-1489551439,-11212875938,5125888093,1405524216,-1024614960]:[0,-4850]:28800.0:0.0067:0.000029846
3:7829:[-43740082799,-66305069298,-11699915957,13304320756,834125147,-1648364634,242111825]:[0,-10338]:28800.0:0.0060:0.000033234
3:7829:[-66443783520,73240232368,-18102057220,-5922795080,2818416513,-541735484,-247552980]:[0,-10990]:28800.0:0.0072:0.000033852
3:7873:[-6516545084,-26405790064,-13013155732,11833843316,2306607921,-1417691110,62991873]:[0,1162]:28800.0:0.0064:0.000028286
3:7877:[126293681817,-133605467682,-106486634483,99897815432,97107719016,-33016792088,-23174606620]:[0,-7286]:28800.0:0.0074:0.000031525
3:7877:[27913701269,204095464608,354071638374,136333950204,-122482048779,31724806548,-5943133484]:[0,-7286]:28800.0:0.0074:0.000031569
3:7937:[-40347572505520,-121053536600,-4754388428411,-29608518154,-190422432443,-657532828,-2636766644]:[0,9038]:28800.0:0.0072:0.000032151
3:8123:[-16548963531,-55565219040,-7020887606,16186182228,2004650801,-1134198244,-129448128]:[0,-15154]:28800.0:0.0061:0.000036534
3:8123:[3803708472,1462594888,2679054753,-54895234,1216947245,665273700,318551568]:[0,-9818]:28800.0:0.0066:0.000033513
3:8191:[-19237841296,8215769584,-4175313104,-12469552468,1141227457,168750982,13064645]:[0,8694]:28800.0:0.0067:0.000032626
3:8231:[1875351040,-3107959752,-3321480123,7498556234,10021497661,2732263988,336582052]:[0,9638]:28800.0:0.0065:0.000033208
3:8273:[130584672120,345666523224,1067770960080,573517452000,303645350229,9393098016,-804830532]:[0,-15554]:28800.0:0.0062:0.000036582
3:8293:[-7437991700,17544836660,-15307741859,3417628230,-15166478897,-1718558390,-2939727519]:[0,3670]:28800.0:0.0066:0.000029955
3:8297:[-622573692,-8893852992,-37100898388,-11041348908,78805445305,-47500905790,7988293521]:[0,2718]:28800.0:0.0065:0.000029616
3:8311:[-3997291804,-30356592380,-62959490151,-1534858858,5698013289,1820042512,42552320]:[0,14062]:28800.0:0.0064:0.000036429
3:8377:[2346946561040,-1129329841320,-1432413847935,95845529270,-174709497335,12976308080,-3066652160]:[0,11914]:28800.0:0.0062:0.000035163
3:8389:[-45625782807,-28850911904,138081698428,120339131208,-87685418492,-117916186672,-30615017936]:[0,2118]:28800.0:0.0066:0.000029137
3:8419:[-2982540028620,-5299887795280,-336543463320,2209254373480,-146666262435,-6519926170,-15869815]:[0,-2534]:28800.0:0.0061:0.000029359
3:8429:[9436299216,39012615020,29144557137,-7974997202,-65602907,-125457236,-19116972]:[0,-1202]:28800.0:0.0061:0.000028904
3:8467:[-24911073979000,-53726003940400,-8055296908855,48628280078378,-9144882930387,-7250163029052,9367042100]:[0,-5010]:28800.0:0.0067:0.000030983
3:8513:[4117984977,-15811297056,13571322444,13651651112,-2814431852,-825284272,-110328480]:[0,7114]:28800.0:0.0063:0.000032582
3:8537:[-3054231268,18409699020,-17393241115,-24924488608,34964512828,38142086672,9311647380]:[0,-5130]:28800.0:0.0063:0.000030823
3:8629:[-17001649668,38644838436,-36095616111,-77173858434,21712747137,24703757004,-6907583532]:[0,7254]:28800.0:0.0068:0.000032887
3:8677:[344909057985,213263705142,-115040750625,-59099099062,9848646633,4571251848,-283460236]:[0,-5798]:28800.0:0.0066:0.000031829
3:8677:[7653426372,41141266632,-29545939899,-59099099062,38346916875,23695967238,-12774409555]:[0,-5798]:28800.0:0.0066:0.000031859
3:8681:[-28490998595,59140788270,-16521114935,-31425810308,14326809884,4884972320,-1744117072]:[0,-70]:28800.0:0.0066:0.000038055
3:8783:[2440003965248,235586198208,-333355322064,-13715567932,13388770068,-69982944,-34403011]:[0,2497]:28800.0:0.0068:0.000039060
3:8783:[-86733468799,-46585822470,98461760019,38451622680,-37568430549,-2487609090,928881297]:[0,2497]:28800.0:0.0070:0.000039110
3:9059:[1208660150516,-498770530708,279795975053,46127340920,-27940093924,-1323048832,-12501420]:[0,-13382]:28800.0:0.0067:0.000036106
3:9091:[-89930317476,-69928408368,-40667397579,-52284031926,5924922885,13772755908,-819390012]:[0,1506]:28800.0:0.0063:0.000029897
3:9137:[-3153096053596435,-2653176027243354,1152348773264151,206525778296400,-446756969713509,146705395768146,-19215520547751]:[0,16510]:28800.0:0.0066:0.000038179
3:9137:[85133593447103745,23878584245190186,-3457046319792453,-206525778296400,148918989904503,-16300599529794,711685946213]:[0,16510]:28800.0:0.0066:0.000038377
3:9187:[-3394780240,2738901936,-28158265244,21022942832,-16070635360,-4763532996,-348233235]:[0,9878]:28800.0:0.0067:0.000034896
3:9221:[103418614213,124488940390,-93949458661,-63956560928,23048322887,8273247178,-1385759543]:[0,-1230]:28800.0:0.0064:0.000029542
3:9337:[-117478134000,97145845452,-211687530300,116435788668,-95724595323,31676015262,-6675236051]:[0,5538]:28800.0:0.0067:0.000032697
3:9337:[180231373377,-285084137358,287173785969,-116435788668,70562510100,-10793982828,4351042000]:[0,5538]:28800.0:0.0066:0.000032701
3:9419:[-1371604199,54005757976,-46307176002,-7927821596,12986116585,-22662453084,14025531492]:[0,-4850]:28800.0:0.0068:0.000032302
3:9463:[-196844215980,1789413933920,-4392262237820,1274930496220,289135482845,-30435941530,1546585405]:[0,-4570]:28800.0:0.0066:0.000032230
3:9587:[994277357,-9048574906,13001036157,148406760,-4507462268,-3352037028,9970480]:[0,9678]:28800.0:0.0068:0.000035283
3:9619:[-5408648272,-16511205880,-17687378724,375756616,9591056805,1709046206,-1585759483]:[0,-10866]:28800.0:0.0066:0.000035837
3:9739:[470392453408,-199882612704,202333373620,-51351253816,2053916144,1581964204,86862141]:[0,16891]:28800.0:0.0065:0.000052072
3:9791:[-25969374252,68071927500,-105836646735,-27145410426,-32537206425,-8176092042,-875168535]:[0,-6442]:28800.0:0.0077:0.000033196
3:9857:[-28652396599,113685886926,-261252599247,169137189558,98289923202,-19481374800,-7853495751]:[0,9418]:28800.0:0.0069:0.000035313
3:9857:[773614708173,1023172982334,783757797741,169137189558,-32763307734,-2164597200,290870213]:[0,9418]:28800.0:0.0072:0.000035312
3:9859:[967089028,-10836579004,23120804273,43873062668,23967544488,5044455940,454775952]:[0,-12782]:28800.0:0.0061:0.000037275
3:10067:[103367956,-4081765820,-3113048611,12005602190,-3200269099,-626086864,-1096537908]:[0,-18530]:28800.0:0.0072:0.000040455
3:10079:[46623347489,-332828738,-47856089821,5386257916,9236526627,2766342814,-618618783]:[0,-17306]:28800.0:0.0065:0.000039091
3:10159:[-19981665987,-12556584954,-97610364135,31387408944,57858999696,-810810108,-10161763248]:[0,-13738]:28800.0:0.0064:0.000037552
3:10223:[-58260437411,67373148050,-100915495991,14962546368,-10079346404,-22322942800,-4379369632]:[0,-13070]:28800.0:0.0068:0.000037456
3:10243:[3248987413,-21454926342,42818147105,-24127345528,4151364984,656658244,65596172]:[0,-17394]:28800.0:0.0060:0.000039088
3:10427:[1511623044,2069550960,2684743960,-15594621200,13023521113,2166000710,-6099795]:[0,-8114]:28800.0:0.0063:0.000035119
3:10433:[-211399236315,491595865560,-746155327410,-1626843563840,-620735904715,-174561617440,283568940]:[0,19022]:28800.0:0.0068:0.000040679
3:10453:[-7808767308,-8750540796,13405773893,19675159250,-3049547767,-4027749960,288879108]:[0,-11394]:28800.0:0.0065:0.000036883
3:10453:[-800982031,13004556394,-50806942389,38652622562,14876552805,-1490890484,-383123356]:[0,-8754]:28800.0:0.0059:0.000035532
3:10459:[-500232424460,-1016647808604,-194583806583,455304346618,69776768763,-48403854558,-3197535939]:[0,4318]:28800.0:0.0067:0.000033739
3:10499:[8509313512,5739929288,-9211665115,-13511982022,-2025603567,2290713816,30909056]:[0,-7106]:28800.0:0.0067:0.000034387
3:10613:[1132958976,-4222403276,8088634272,17524737476,13754883133,2534830146,219657261]:[0,18818]:28800.0:0.0065:0.000041284
3:10663:[-10662232264,5759214256,-9109539519,-26212511684,-26289413240,-1827382288,3923984]:[0,-16242]:28800.0:0.0067:0.000039941
3:10663:[-1879588336,-9181184216,-45071488015,-83349983924,-61686308040,-7262441344,31391872]:[0,-16242]:28800.0:0.0070:0.000039720
3:10691:[4530289868,-24553634824,54494763896,-16615182448,-8130986595,5421684066,-129628375]:[0,-1442]:28800.0:0.0060:0.000032168
3:10949:[-1567042778000,-4743530526300,3315576836940,-1774095331564,-268096984071,41601579522,5457123937]:[0,12326]:28800.0:0.0069:0.000038192
3:10949:[-294885869524,1716590789400,-2231707330347,394834078800,1182744067878,-79729523100,-147342346299]:[0,12326]:28800.0:0.0067:0.000038381
3:11083:[-65506381824,261906096888,612600190380,369936486756,-43403610339,-3386011662,-135888663]:[0,7774]:28800.0:0.0063:0.000036077
3:11119:[83791049436,-20946728292,48832057273,-1565310582,8326296365,250889116,740080640]:[0,10942]:28800.0:0.0066:0.000037664
3:11411:[-120538500960,414628042020,-358336358043,-111639221814,152170511853,48605108856,3595834320]:[0,7770]:28800.0:0.0067:0.000036322
3:11411:[40179500320,-138209347340,119445452681,37213073938,-50723503951,-16201702952,-1198611440]:[0,7770]:28800.0:0.0068:0.000036683
3:11497:[-17640065543,-39363934468,26174943972,60692226114,-10163853868,-23144380760,347496825]:[0,2098]:28800.0:0.0076:0.000033424
3:11527:[-1380222842331,3048518970414,-1989361001913,172484356716,138092272719,12649660638,340588269]:[0,4018]:28800.0:0.0064:0.000034579
3:11527:[460074280777,-1016172990138,663120333971,-57494785572,-46030757573,-4216553546,-113529423]:[0,4018]:28800.0:0.0064:0.000034279
3:11677:[125487581120,180666170336,69550407276,-39543973668,-22395913827,2404948212,1377372212]:[0,-10634]:28800.0:0.0064:0.000037550
3:11677:[-88151821568,38479171392,89583655308,-39543973668,-17387601819,11291635646,-1960743455]:[0,-10634]:28800.0:0.0065:0.000038047
3:11719:[1538235940,5494664092,11655940061,-27420374018,11698315965,4205386588,342007296]:[0,-9050]:28800.0:0.0070:0.000037691
3:11783:[73161401112,126408024000,123648433617,218031948586,-72950803553,-4629187210,-3808560175]:[0,-8994]:28800.0:0.0063:0.000037067
3:11789:[283068461204,-1494318561792,4397248393953,2241477842688,-3387057554556,-840554191008,-52578562752]:[0,8470]:28800.0:0.0065:0.000037653
3:11789:[-7642848452508,-13448867056128,-13191745181859,2241477842688,1129019184852,-93394910112,1947354176]:[0,8470]:28800.0:0.0065:0.000037398
3:11863:[-3580644879,5381222882,-20256535157,-32245081286,5593202829,4491284348,13523820]:[0,15262]:28800.0:0.0069:0.000040457
3:11903:[-5144869399,-14922291174,-3947189539,-24708866356,-7972867460,-7027531200,-2342367564]:[0,-5730]:28800.0:0.0072:0.000035595
3:12253:[5559394401,-8615353866,29037857821,-3420939576,-16430194736,7257991032,-72292700]:[0,6190]:28800.0:0.0071:0.000036558
3:12263:[21573793117,-21912141550,-43671277649,32355827396,30184258567,-10968836558,-8583278379]:[0,5758]:28800.0:0.0068:0.000036536
3:12263:[687480408628,-235373078880,-29610583164,37344415796,898963741,-1214306786,-453731]:[0,24382]:28800.0:0.0068:0.000045570
3:12263:[-8093580,-10830092976,15070491220,-3772049748,10376496869,1153237046,65913625]:[0,-6274]:28800.0:0.0063:0.000036678
3:12301:[-1203700135044,3694807578440,2215051894880,-1825461216216,-995620638287,257158014256,70466180092]:[0,16210]:28800.0:0.0069:0.000041413
3:12301:[338089688332,1224542900240,633135323832,-2538468458372,1253096633393,-751529201368,221560937620]:[0,-6982]:28800.0:0.0058:0.000037041
3:12391:[11422073364,-8538489408,-13671386812,13811058164,10554740537,-1231640618,-458467]:[0,-9506]:28800.0:0.0064:0.000038348
3:12413:[2987782201029,-14499040473918,-752846898375,-13337565299190,-2818371227958,-2713987108404,179673520125]:[0,5107]:28800.0:0.0070:0.000047803
3:12413:[-5735944605401463,-1776922057388556,-30420407944242,-12539699317218,142042467933,-23239593774,-134991375]:[0,5107]:28800.0:0.0071:0.000047829
3:12547:[-59121162872,-16943920492,73101318853,2526187886,-23521371567,2904329372,-1932488940]:[0,4646]:28800.0:0.0071:0.000035915
3:12547:[9406234960,-43512293368,48691782797,29968534594,-31280536743,5152400456,10024350368]:[0,4646]:28800.0:0.0069:0.000036230
3:12583:[-2426928961788,9816654478284,-3583750199955,417259552974,311900168775,30903520842,-5836410639]:[0,-5690]:28800.0:0.0069:0.000037163
3:12583:[808976320596,-3272218159428,1194583399985,-139086517658,-103966722925,-10301173614,1945470213]:[0,-5690]:28800.0:0.0070:0.000037415
3:12799:[-16427426907,14720872242,-9042762279,11337712572,3185159140,2670332164,630734720]:[0,13070]:28800.0:0.0076:0.000040340
3:12799:[49282280721,-44162616726,27128286837,-34013137716,-9555477420,-8010996492,-1892204160]:[0,13070]:28800.0:0.0075:0.000040277
3:13171:[-4670818559,37101284532,-508927440,75270183982,42568566632,10151627276,1317244881]:[0,-13226]:28800.0:0.0068:0.000041329
3:13421:[348638726205,-874747844866,-2524188570393,-587270588548,662101346935,-138552096130,9093224077]:[0,-7466]:28800.0:0.0068:0.000038435
3:13931:[-420701990380,380994071012,47630242241,-55370124738,-13316266763,-751549588,835860]:[0,-4242]:28800.0:0.0063:0.000037775
3:14107:[-217468616871,-243552699690,986464124853,347556980400,-18891925116,113949800352,66979584576]:[0,22966]:28800.0:0.0068:0.000047280
3:14107:[72489538957,81184233230,-328821374951,-115852326800,6297308372,-37983266784,-22326528192]:[0,22966]:28800.0:0.0068:0.000046653
3:14843:[-16883734384,-725882072,122574488481,9364359642,-4642549011,2461859980,-118090908]:[0,18934]:28800.0:0.0064:0.000045336
3:15077:[-1646694863,-2648908284,-19479242768,11848893684,20016285508,-5495084036,-5661413500]:[0,13080]:28800.0:0.0069:0.000042979
3:15083:[-3861685407,-10818010256,6083215228,12728996190,-1738707908,1742388160,-4181987995]:[0,14258]:28800.0:0.0070:0.000043508
3:15161:[-417304099240,-466380983968,-196792023828,-20776937620,12274603337,1879387882,-346807875]:[0,-3374]:28800.0:0.0069:0.000039192
3:15269:[-11000031904,-12322693760,17530522128,8093791520,-29946417864,6623081440,5356014013]:[0,-10892]:28800.0:0.0064:0.000042019
3:15451:[-8445702012,38207480016,6089239100,-56110800932,16388118601,-3796094386,14137665]:[0,3086]:28800.0:0.0070:0.000039148
3:15583:[9630480996,-1529066292,15209678069,14227559494,31928928097,9754895668,1420172288]:[0,-27074]:28800.0:0.0071:0.000049673
3:15641:[-16488366816,16280529208,39406701809,-43009183852,12423615018,27851553316,-9004195239]:[0,10162]:28800.0:0.0069:0.000042446
3:15959:[36124537056,147421070992,124392154197,-57001239070,5201405157,-1949423768,-32301016]:[0,-12122]:28800.0:0.0066:0.000043133
3:16063:[30468732101,395026918050,133580309575,-63807568916,3012021319,855161994,-692716875]:[0,25054]:28800.0:0.0071:0.000048988
3:16223:[624429759200,-377792139120,-296540281892,28249304576,-21897821623,-5745764802,76361661]:[0,22414]:28800.0:0.0067:0.000048363
3:16253:[-10098145188848,-6511771081224,-1264378405620,50382674700,57835325320,2545739896,-771676187]:[0,12550]:28800.0:0.0074:0.000043804
3:16253:[-13925310352,93942990120,-113497624540,187002142100,-69613224300,-295146353500,-96459523375]:[0,12550]:28800.0:0.0071:0.000044548
3:16831:[-31985985851,57023798282,11251304697,-61879104176,11331975680,16300352232,-7863577848]:[0,-14946]:28800.0:0.0068:0.000044687
3:16831:[6233781625,16339063532,48560094298,95075020124,58954532785,-13909273048,1063382580]:[0,-14946]:28800.0:0.0067:0.000045121
3:17029:[-42069258992,75862968912,51402649544,-40127544296,-25301739287,5170889908,4724185180]:[0,-13666]:28800.0:0.0068:0.000044835
3:17327:[8872047772,-64855099616,-27999271091,64195218148,-2910901346,-23871546516,6501211689]:[0,19358]:28800.0:0.0068:0.000047713
3:17393:[-11190638807,50386129560,-58450776656,3998650700,-2904700572,-1193507660,-408596356]:[0,-22313]:28800.0:0.0066:0.000064804
3:17417:[55258724313,-24211859376,-19148180132,-36429397200,10131747572,19463009824,-7245472]:[0,13486]:28800.0:0.0066:0.000045257
3:17599:[267626725872,464155462832,77872829556,-265234529000,-102712762116,39143836592,16055409309]:[0,10270]:28800.0:0.0075:0.000043820
3:17783:[9336270613,6806194288,10024810590,19977635596,20739583797,14269292596,2116390396]:[0,-1370]:28800.0:0.0084:0.000040881
3:17923:[-24578741896,-86285910288,76924351005,100267965202,13623935451,-50586412890,10102747025]:[0,7494]:28800.0:0.0067:0.000043300
3:17923:[-26941728139,-30474584438,-24138606785,-20023037910,-2265126663,-1731433492,-1083337812]:[0,25782]:28800.0:0.0066:0.000050944
3:17923:[-5869782500,-62617871868,-19460237787,233184574742,-63590714385,9113522886,-4173209243]:[0,7494]:28800.0:0.0066:0.000043504
3:18041:[2635663813,182253790200,156641162910,171663795364,-26138793055,-9390196172,-866328820]:[0,-26098]:28800.0:0.0067:0.000051074
3:18119:[-87449831504,362555681824,-3121115088644,1643467008092,-1463205860508,352022454840,-154620968803]:[0,29551]:28800.0:0.0074:0.000070849
3:18223:[-7564731760,-105188987360,133206412508,40278151116,-48900928479,-10759624566,1049480793]:[0,-11978]:28800.0:0.0069:0.000045334
3:18539:[198463702800,-244731262632,-11298204231,642329186784,17595550290,348162420,-52446831]:[0,-218]:28800.0:0.0064:0.000041025
3:18539:[-66154567600,81577087544,3766068077,-214109728928,-5865183430,-116054140,17482277]:[0,-218]:28800.0:0.0065:0.000040975
3:18803:[-7634864135,35667109852,-33548989508,-68417836798,48011279352,-2550890192,-202339083]:[0,17262]:28800.0:0.0063:0.000047884
3:18899:[78184236949,360986056998,631662883415,642948402366,499200283789,207361642304,75424850656]:[0,5560]:28800.0:0.0077:0.000043459
3:19421:[1345915384944,437415531852,-2616093822243,13894210662,963787886049,-407684622108,349623445140]:[0,-14490]:28800.0:0.0070:0.000047812
3:19421:[-2576491237620,-7096594438932,-4903032166035,544158824574,987258319917,301232294808,-118769591604]:[0,-14490]:28800.0:0.0069:0.000047807
3:19603:[-36792478640,-18538635512,-33719845611,-25521733790,-42741263829,-33567040226,-12661675715]:[0,28240]:28800.0:0.0072:0.000053271
3:19709:[-543679919367,827615479586,-487471546341,-129936549168,282790467319,56122047606,-6112608387]:[0,-35114]:28800.0:0.0068:0.000056284
3:19753:[-71788959996,-20152642696,47844393149,31189196880,-4515733330,-2491880456,-1208310763]:[0,-11590]:28800.0:0.0069:0.000046672
3:19973:[-1572881479551,927115182552,-27697038452,-81666521158,-237918376,793886804,339541]:[0,20246]:28800.0:0.0072:0.000050186
3:19991:[-103633344,57306360528,-11428854700,-103146203312,19365661529,52621029876,13438989732]:[0,32350]:28800.0:0.0084:0.000055090
3:19991:[-8286749284,-2866869328,56738356245,-394508311336,20168480098,-3198080216,859613]:[0,-450]:28800.0:0.0067:0.000042389
3:20123:[-269883558608,-724968584272,49164433108,767599884200,-226018718780,-77122282912,25432876133]:[0,28810]:28800.0:0.0071:0.000053755
3:20899:[123117074849,-495442436086,555621252879,653928623252,-478457421705,-689847776350,-181489528375]:[0,9556]:28800.0:0.0075:0.000046755
3:20899:[-2316358136564,-1944863197092,1597958334505,62837984654,-150461702631,-1162736764,3100993620]:[0,-14606]:28800.0:0.0068:0.000049000
3:20899:[-52565018507,-239070139690,-251137828361,-1123496634408,-375670538773,-45920160558,-3155435515]:[0,9556]:28800.0:0.0074:0.000046940
3:21377:[70550363461,-69262848128,-112907627718,55089982636,38182849205,-18388067860,-14963900]:[0,3830]:28800.0:0.0076:0.000045389
3:21401:[1060655132208,1509121818816,321986626801,-151695723854,4408498995,922169090,-149807]:[0,23886]:28800.0:0.0071:0.000052447
3:21841:[14916941455988,-20568391588732,33624983585544,-37150235519748,-1308868664740,-1028765353044,-1272369361523]:[0,11668]:28800.0:0.0069:0.000048692
3:22501:[31955110164,-103593613956,67772404473,59561272050,54856290449,42267948492,9330264660]:[0,15050]:28800.0:0.0068:0.000050583
3:22531:[-39565517488,-529702908760,-1925328767923,-2174850557992,-391823733268,-9335764912,-74352300]:[0,18478]:28800.0:0.0067:0.000051392
3:22727:[3363596,-24798247872,465343211269,-2440073718764,1743003129166,-446036011140,38908783089]:[0,22190]:28800.0:0.0075:0.000053201
3:23053:[65167626633,163590081780,-202283389630,-325268701012,410990843505,-140494203200,13705100712]:[0,-11182]:28800.0:0.0068:0.000049100
3:23143:[-17598238059,-76160419266,214953873439,80191050432,-174272043461,-113616624190,-19730726651]:[0,1711]:28800.0:0.0078:0.000061591
3:23753:[360536715728,-262209557024,-238516319572,32718427332,-471995863,4457915534,-24584355]:[0,-8006]:28800.0:0.0069:0.000048229
3:24359:[-3299670140,-139030356604,133089756761,-88849549936,40364860438,-20584913976,582058305]:[0,-30898]:28800.0:0.0068:0.000058527
3:25889:[-60238292199,-59980670760,-19975693510,-12188230532,-22977082947,6399553688,-2879581692]:[0,-32222]:28800.0:0.0068:0.000059800
3:26119:[104385105880,-134146661620,-155788786663,29415322276,177422083484,72129499068,11249244348]:[0,-13498]:28800.0:0.0074:0.000051999
3:26393:[-20279853340,-67027451656,-125798513087,170516041022,-32505381263,35868826004,-25857855532]:[0,-24598]:28800.0:0.0070:0.000056656
3:26863:[-60514306963,7403227896,196972947500,-198034143452,-33648056540,11626521304,-767314732]:[0,-51179]:28800.0:0.0082:0.000089503
3:27179:[4135177085265,10011998351820,-7344913840960,3863871822730,1975966570840,-235729446380,-14686580335]:[0,3362]:28800.0:0.0073:0.000050473
3:27809:[-49223459495,80088807640,-103277231054,10075423172,44222455789,13094924392,106897796]:[0,-4306]:28800.0:0.0077:0.000050634
3:27823:[-109093426540,-301475893916,44484274913,602811559912,-25151769416,-416281938816,151508477120]:[0,-27586]:28800.0:0.0077:0.000059168
3:28099:[61665050126932,-193236306989964,97014853968725,32820682958798,-18740306175955,-2979037434660,357212583756]:[0,26910]:28800.0:0.0071:0.000059281
3:28151:[1452525276244,-5747056264852,3003419717828,6568064302688,-1668351476927,-1876589800768,-298389902620]:[0,14734]:28800.0:0.0073:0.000055104
3:28607:[-327629248355,326252936978,-572713827813,99189394384,-106690121177,12401306142,-9182646751]:[0,13886]:28800.0:0.0080:0.000054421
3:29339:[37436446644,-461873314960,539191291169,-1076143605892,521168842232,390110355672,49622224260]:[0,-2770]:28800.0:0.0078:0.000051852
3:29873:[161864460660,139865505492,351480012257,222927680722,227266405369,97087130508,13121774996]:[0,-14118]:28800.0:0.0071:0.000056139
3:31393:[-3359176572,-29266940468,-228874904555,245054699790,-148068820267,30809843632,-4779898180]:[0,-33302]:28800.0:0.0078:0.000063319
