1:8131969:[3320785780,-7763596804,7758075841,2345392066,-6413138499,5155080768,967540608]:[-7024,28598082]:4511.040:0.0014:0.000013333
1:8689643:[-4259546624,-3452376388,-353569999,-3226978050,1920637361,-1097477536,467877824]:[5904,26093590]:3913.420:0.0014:0.000015100
1:8794351:[-2343655584,992222064,-3526235571,3089528530,1215324241,-9273600,-644323748]:[2840,19605102]:3773.830:0.0014:0.000014945
1:9258341:[-7443051084,879607172,-10181917063,3678631562,-3511142079,1698344800,-45899300]:[-1056,18795466]:3765.380:0.0013:0.000015055
1:10767907:[-10116304083,10028318094,-9597847467,1777600508,826546864,-1154096316,-39867680]:[-11992,57487830]:4442.890:0.0014:0.000014341
3:1979:[-5327468,-103762928,717632896,472007332,-487451448,-457528968,-102181707]:[0,-1223]:4609.990:0.0053:0.000020119
3:2063:[1228326704,901679536,270921412,-136306536,25358396,-173060944,-71018775]:[0,-1450]:3782.460:0.0054:0.000016655
3:2083:[1231642489,-2759545902,-1242449093,4199552964,1130237883,-1850424718,-718312135]:[0,-322]:3680.460:0.0051:0.000015772
3:2099:[-8707015672740,26944048420080,-19183838544739,-2121300258770,-710494592555,-38405411396,-4834928956]:[0,3886]:3657.480:0.0051:0.000019404
3:2099:[-1206876723,-1546442448,-3575461788,-1615293846,365452692,375326388,-78051315]:[0,3638]:3784.750:0.0050:0.000019373
3:2113:[-10336796,192730956,-397827188,-2355504784,-1459201879,672682002,-60446591]:[0,-995]:5230.050:0.0061:0.000020167
3:2129:[-1914252028,-479731828,1213864253,-124729594,-20027503,35571332,459864]:[0,1690]:3873.610:0.0057:0.000019256
3:2143:[-323826502173631,-64625203774,-64704188325,-157977674,-79010267,-25716,-8572]:[0,2437]:5549.680:0.0026:0.000022583
3:2153:[-642961155,261391424,-1728144204,169949208,-1723218140,-40889776,-559607760]:[0,-1874]:3653.050:0.0053:0.000017399
3:2179:[-165307656,3701031500,-1749399255,-2447496380,406400932,566679456,87927008]:[0,-2342]:4324.480:0.0051:0.000017801
3:2207:[12326668820,6777961840,-22287577095,-11697386910,10727024185,3588537860,541995060]:[0,1686]:4395.840:0.0056:0.000017674
3:2221:[-471180708,806329608,1765108656,-1880085384,-1038368583,-381510054,-36280035]:[0,2326]:4324.600:0.0058:0.000018801
3:2237:[25795359273,9476603100,483259110,-710654634,33897261,4254774,46977]:[0,382]:3882.040:0.0053:0.000016332
3:2251:[3966982320,-2223537800,2470479253,-499037696,334786728,-2386060,21609600]:[0,-3282]:4347.700:0.0053:0.000019024
3:2267:[-3249084803,6278900832,3249671956,-8402862200,-2247422188,3207279056,1159579568]:[0,-1250]:4516.090:0.0057:0.000017375
3:2269:[489560819552,-202179372064,2019745812,4022047552,182327764,-12234448,-741963]:[0,3638]:4433.130:0.0054:0.000019955
3:2287:[103829800,505180004,633972409,-384659678,-7146875,11627108,38485636]:[0,-3826]:4639.250:0.0055:0.000019796
3:2297:[58447165,58945614,412943175,603499998,132704581,-41051984,137820]:[0,-2094]:4288.460:0.0053:0.000017917
3:2309:[204782901,-755818824,-1175281000,1349836782,-84333916,27708,-8614879]:[0,-2194]:4517.290:0.0052:0.000017992
3:2333:[5263352985,-7892347694,-2338284245,1384168900,-9131009717,-1622139566,560696889]:[0,1878]:4617.090:0.0052:0.000018214
3:2339:[1364491088189,-24120053381390,42617652026853,-18684234661922,-2262373934302,-53438665200,-330203647]:[0,1343]:4307.870:0.0052:0.000021995
3:2341:[-40518028,135478352,-196585475,-344838664,256536144,8642972,-21012816]:[0,-1182]:4823.970:0.0053:0.000017633
3:2351:[-129852783,-1160947310,-2201450539,-249610372,721634748,475127696,51298820]:[0,-2778]:4921.020:0.0053:0.000018740
3:2371:[14140644,181912604,122986141,-346957914,114863095,102574202,-53710263]:[0,-2294]:4776.820:0.0052:0.000018451
3:2381:[654413088,2288788632,1825676989,-852859914,-765265305,319782586,-28817243]:[0,-254]:4565.370:0.0052:0.000016561
3:2393:[-168036460,568500224,519328860,-1252725928,9679685,803330100,-289055256]:[0,3242]:4692.550:0.0054:0.000019509
3:2411:[123764104100,144559557740,347558859869,302986575086,278727625917,153874948084,56867485480]:[0,-570]:5121.640:0.0054:0.000017063
3:2417:[-1017402312,-4157694396,-6248706355,-3820740426,-521107617,259087898,-16230155]:[0,3350]:4764.110:0.0056:0.000019518
3:2437:[150392144,19885920,-442196087,-280854502,504939089,110220636,10820280]:[0,-1162]:5006.980:0.0052:0.000017457
3:2447:[-1722766304,-818218072,1834944125,403799046,-466111901,-52165146,27815049]:[0,358]:3715.830:0.0058:0.000016942
3:2447:[-326079879,610120298,-179377335,136038518,-16928346,22326428,-11229283]:[0,4579]:4857.100:0.0057:0.000026023
3:2447:[12059364128,5727526504,-12844608875,-2826593322,3262783307,365156022,-194705343]:[0,358]:5070.260:0.0058:0.000016868
3:2467:[7489812,191745108,-185086675,-184023398,403835565,-274873140,45274384]:[0,-1002]:5382.590:0.0054:0.000017681
3:2531:[162186480,1113083180,2486077281,2166966270,1283092981,362530316,51500788]:[0,-2290]:5498.670:0.0056:0.000018778
3:2539:[-13694147280,19003165812,-2414825127,-2618176176,-672474462,-57462648,-2247015]:[0,-4546]:3749.480:0.0053:0.000021023
3:2543:[-713250468,-3157215876,911123841,352475058,-501934797,172308594,82522893]:[0,-926]:5432.300:0.0059:0.000017765
3:2557:[14996805,339262760,-835668512,694690874,626147932,114758160,4441509]:[0,2750]:3627.810:0.0056:0.000019211
3:2557:[-118522064,-804882232,-526340551,923782732,292403178,-413190744,79862781]:[0,-1410]:5480.200:0.0055:0.000017832
3:2579:[529662125,-12355086350,5065401005,5745465252,415683220,42006752,11048436]:[0,1682]:5752.610:0.0058:0.000018456
3:2591:[-1462404447,45720786,5171415765,2099145288,-4485249008,-3970033840,-910342668]:[0,-4946]:3936.780:0.0061:0.000021099
3:2609:[-2747256128,3870733272,855284989,-1136892622,-656380047,-247813256,-56396144]:[0,-4958]:5661.140:0.0058:0.000021308
3:2617:[3686054968,4045107368,6255930649,2847908378,2386036665,65634360,162965824]:[0,4810]:3720.650:0.0060:0.000020828
3:2647:[632619765,418776576,-892531342,-321610500,135449637,-145913228,19968968]:[0,-2594]:3954.270:0.0057:0.000019426
3:2647:[3511859604,34886305908,16311512808,-13115705004,-2979232911,1974974346,-180348051]:[0,-1314]:5684.730:0.0057:0.000021245
3:2647:[-9338616,-236662976,1284851153,307126116,-22441266,-66757340,-8885979]:[0,-3298]:6314.580:0.0057:0.000020038
3:2657:[2809203588,-196596744,-4063230535,241861396,1575850758,-80252028,-81928595]:[0,-2730]:3807.490:0.0059:0.000019594
3:2659:[-1489040,905506496,806325796,1266449792,302913280,-41948384,3230685]:[0,2726]:3776.970:0.0057:0.000019495
3:2663:[-507951272,-1922867084,-1041129143,2351535520,-1539011612,331490240,-32722944]:[0,4270]:4106.220:0.0064:0.000020820
3:2663:[-2819051800,2274574820,497200741,51129600,-280786720,-28270408,-1416716]:[0,-690]:6090.650:0.0058:0.000017764
3:2671:[-18656935,-595681078,-5346944021,-13176764170,14224226201,-4361283588,428759604]:[0,-3954]:3815.230:0.0058:0.000020849
3:2671:[143729181,-179459148,-740251624,353656426,217365980,-157909520,-24298087]:[0,3334]:3830.520:0.0059:0.000020009
3:2677:[288859008,2571815316,-580038975,1295303928,-438299856,226313580,-20687856]:[0,4186]:3622.530:0.0056:0.000021156
3:2683:[50792710096,-17369334184,-19330953291,4093125774,1277878021,-369352512,17020952]:[0,4462]:3797.510:0.0057:0.000021422
3:2683:[493228811328,17322478272,-114979900608,5851977156,8228114397,-447443910,-209362539]:[0,-3890]:3809.020:0.0061:0.000020871
3:2683:[-445431660,-4720738500,-4197545451,33610434672,-112477740174,-11981161872,-314063931]:[0,-1514]:3825.870:0.0058:0.000019039
3:2683:[4249872,-175446736,2479092000,-8919333004,2848924769,-96255308,-27570508]:[0,2774]:3895.520:0.0059:0.000021611
3:2683:[423270080,1170045568,934585488,289817660,684165,207739324,-101363740]:[0,-4466]:4099.410:0.0056:0.000021217
3:2683:[143883924,-57963532,2457628,266228724,-173496195,-82668596,91812260]:[0,-1546]:6302.690:0.0057:0.000018578
3:2689:[54815265,-321798008,-275073944,-766085344,-644359692,-478039664,-52704400]:[0,4110]:3676.520:0.0062:0.000020855
3:2689:[-19895911,332575520,-419688364,511103608,-1093401180,-652415936,-81315360]:[0,-3082]:3755.200:0.0060:0.000020024
3:2689:[149177653,-353694926,-859175835,-256035824,342255920,143958304,-71150940]:[0,-3842]:3973.410:0.0058:0.000020383
3:2689:[-114712740,-725148008,276797593,-1276618884,869031020,-290928288,25825156]:[0,-1490]:6255.810:0.0062:0.000018472
3:2711:[-240837107,472413438,-593912325,-125611474,192098749,-208616872,-163874528]:[0,670]:5995.170:0.0058:0.000017646
3:2713:[41834460,26988924,2410112541,-6047456058,-1051469271,429250860,25784352]:[0,-3386]:3797.600:0.0056:0.000020274
3:2713:[346504360,-222400888,-140324499,-490201118,160205363,37292898,-7919247]:[0,3338]:4043.120:0.0058:0.000020332
3:2713:[-13944820,-8996308,-803370847,2015818686,350489757,-143083620,-8594784]:[0,-3386]:6157.610:0.0056:0.000020220
3:2719:[-272476428,514152024,906188320,-846054916,-1181712747,-179095092,39490756]:[0,790]:3900.910:0.0062:0.000017662
3:2719:[-8617739988,2676920756,-3056767775,411776236,-348515982,-31170616,-1199079]:[0,-3058]:3951.450:0.0059:0.000019965
3:2719:[1916568720,-3382914544,1555004257,-70824512,109320114,12061484,867361]:[0,654]:3978.560:0.0059:0.000017631
3:2729:[-1452919600,307176240,1526176876,18879571312,-13459217867,-238978530,266942593]:[0,-2]:6223.660:0.0055:0.000021566
3:2741:[-101277230928,17845532672,-30214646020,3939814724,-3009056095,234843398,-101074375]:[0,3038]:4012.010:0.0058:0.000020057
3:2749:[-4783260,18138781680,-38892893235,-212309448480,110444813640,-13014260820,696211740]:[0,-1658]:4148.440:0.0058:0.000018842
3:2749:[22732690560,-15777632592,-25970009175,12003689934,9455935977,-1456453188,-682092876]:[0,-3322]:5870.620:0.0055:0.000020135
3:2791:[1587632440,9058637060,25636493265,6664880090,6488781945,8539176140,-26570320]:[0,1382]:6211.280:0.0061:0.000018836
3:2797:[489656805,2690551774,-2159264421,-4599493086,386167805,3021431280,-1034106840]:[0,4822]:4159.550:0.0058:0.000021709
3:2797:[-6474999146707,300151278014,19571227137,-7283270526,-1345742986,82780012,5697489]:[0,2929]:6243.050:0.0061:0.000025590
3:2801:[8304057476,12920038252,4738320053,-1362826550,-427855551,98191856,-2868224]:[0,-1810]:6424.050:0.0064:0.000019096
3:2803:[-709666343,1054314814,738441941,-2314145588,682496864,1246550160,-730843008]:[0,2598]:4215.110:0.0056:0.000019731
3:2803:[-250083057355,-53180954610,-45076906995,2324892290,-1088208690,564019660,-64763315]:[0,1425]:6731.630:0.0061:0.000023474
3:2819:[708423157,-523093640,-429142008,155907614,-46547328,5164408,32990757]:[0,2366]:4249.420:0.0058:0.000019179
3:2819:[6015193476,-18992020212,4627239093,10826735970,-2369879739,-2089454076,-219036300]:[0,-2930]:4277.400:0.0060:0.000019961
3:2819:[-309574123,-1026110362,-578749157,721726018,265998021,-98980728,4487848]:[0,634]:4315.170:0.0055:0.000017648
3:2819:[1791418120,-1040819904,-151338015,505694772,-170899056,-55996616,394660]:[0,-1526]:4560.050:0.0063:0.000018373
3:2819:[1007984192,-2615580960,3383104452,-3293990224,-83670739,25816402,-2855647]:[0,3662]:6470.290:0.0058:0.000020279
3:2851:[-37256868,-200790228,892873329,-1121041710,-1876787641,-769205502,-95579775]:[0,-1346]:4615.830:0.0058:0.000018618
3:2851:[2192350576,-4861867320,-298924499,1816799750,317381873,-26879228,353524]:[0,-1582]:6704.180:0.0056:0.000018699
3:2887:[5827813680,1536900224,-1730283032,366071600,85683273,-47035004,-1870776]:[0,-4130]:6638.780:0.0061:0.000021459
3:2897:[-73908264,-289398712,-178255307,-481886980,-403059610,-17683288,22796493]:[0,314]:6482.920:0.0056:0.000017945
3:2903:[732354325,-1143752970,1154485361,-1090633876,585151904,-416011512,-6514332]:[0,3790]:4569.400:0.0062:0.000020890
3:2903:[6831557325,5155344804,-887963834,-965537800,64072113,35962364,-2995896]:[0,-3466]:4609.980:0.0058:0.000020571
3:2903:[-6038240,6473364864,-26284284540,4854001792,1342892964,-91758024,3062665]:[0,-5514]:4640.760:0.0057:0.000022108
3:2903:[-291844396,-62995100,1475650057,3621904726,-780689275,-1355526820,399162500]:[0,-1950]:4867.270:0.0061:0.000019400
3:2927:[25876073252,-4326562612,-4587946639,-655788496,354723130,70189460,5757409]:[0,-5234]:6899.670:0.0059:0.000022046
3:2939:[-915113491,-2132767642,-145312977,1032923306,-387069239,70054004,-70536]:[0,-2330]:4859.090:0.0060:0.000019868
3:2939:[-3878563032,2755206696,1776046517,-124701770,-476920347,-128034596,-5137372]:[0,1486]:4977.760:0.0059:0.000019132
3:2939:[11635689096,-8265620088,-5328139551,374105310,1430761041,384103788,15412116]:[0,1486]:7430.870:0.0058:0.000019242
3:2953:[-119522675,2095183030,-8872817087,7351918732,-2009847236,81833536,86180352]:[0,5830]:4601.790:0.0059:0.000022739
3:2969:[4368162033,-2812171482,-2948041829,503851176,1005811099,244984066,-804599]:[0,-3034]:4875.940:0.0058:0.000020449
3:2969:[-178520032,-876460676,-561624947,335093216,97389138,-123011608,15287381]:[0,-5194]:7240.040:0.0060:0.000022183
3:2971:[-21102718871,-26027807962,-40072405321,-22257912004,-14069809265,-5635315554,-2156806363]:[0,-4682]:4977.060:0.0056:0.000021969
3:3019:[-1361110112,583246648,-18334387,564999812,-266366370,-3936776,-35361547]:[0,-2330]:7600.450:0.0060:0.000020194
3:3023:[-9037198281840,1831075501824,356161150737,-61312008366,-6326090019,559702404,49698120]:[0,-2106]:5116.290:0.0058:0.000019745
3:3023:[61095877046280,-49917031597004,-44712370260320,9008070552284,-26563936983443,4137224903546,-1273688162615]:[0,-1730]:5157.640:0.0061:0.000019524
3:3023:[46977420,-187619472,466436808,1712082096,921661309,109716762,-63483]:[0,-3394]:5294.410:0.0059:0.000020857
3:3037:[638842061,-2707503722,2399032595,821636054,397096861,17335196,-30066300]:[0,5918]:5135.850:0.0062:0.000023086
3:3037:[-606558751,853858624,1152395724,-898204898,40622912,464988996,-195312507]:[0,5918]:7153.730:0.0059:0.000023043
3:3067:[-72037696,-393655584,-1216850652,438409248,-811175495,1149425724,-340068960]:[0,4398]:5197.410:0.0060:0.000021615
3:3067:[-46909507372,-70065197888,-14849506168,20493362764,8949073553,-1013594428,-1048202456]:[0,-1146]:5295.960:0.0058:0.000018701
3:3067:[-138337035,249071070,-449244959,-2295416408,-2203884860,-422068272,-25517440]:[0,-4650]:5399.600:0.0059:0.000021494
3:3067:[1196093196,396428152,1111085157,133573984,456007694,-25272080,83652425]:[0,2246]:7895.250:0.0058:0.000019711
3:3089:[9262255296,-25533846984,-298221327,-3288913902,1008555411,-665389134,-21545775]:[0,3710]:5080.930:0.0063:0.000021134
3:3089:[-3087418432,8511282328,99407109,1096304634,-336185137,221796378,7181925]:[0,3710]:5146.470:0.0062:0.000020921
3:3089:[-272808124,-1958932596,-3957466172,-1485796644,-398799167,-89723094,-14873535]:[0,-1163]:10589.650:0.0062:0.000023773
3:3109:[-12167130571,23027952612,-12324871904,546412968,1322406932,-290703936,-80485792]:[0,-2492]:7865.860:0.0059:0.000020724
3:3119:[-48856016,1390362868,1007798804,-506762644,-176925275,-67613682,4912425]:[0,-1610]:5548.590:0.0066:0.000019174
3:3119:[-4186546368,29208511776,24485668953,-76123255938,-75658970955,-34719822204,-6898990956]:[0,-2602]:5591.240:0.0059:0.000020231
3:3119:[1395515456,-9736170592,-8161889651,25374418646,25219656985,11573274068,2299663652]:[0,-2602]:5761.590:0.0060:0.000020018
3:3167:[622556192,-306438920,-1830883871,944019360,754892454,-218370984,29158569]:[0,526]:5608.380:0.0059:0.000018838
3:3167:[382852296,49291188,-612399623,360100568,-132538950,43856616,53126425]:[0,3494]:5737.230:0.0059:0.000021307
3:3167:[-21467965548,40185758968,-676420528,-22158890936,4883460161,3043822702,-852179527]:[0,-1754]:8178.120:0.0061:0.000019703
3:3169:[-186321355,-2123775068,-7757876788,-8308072230,3241468692,1861521304,-568223883]:[0,-430]:5358.800:0.0062:0.000018783
3:3191:[918471912,-890033720,-1980350555,318404362,567573597,-139344588,1940128]:[0,-2358]:5735.240:0.0059:0.000020638
3:3191:[-7140261375,4738347810,8618728259,-923768972,-3760922173,-1447341870,-160089279]:[0,5734]:5748.160:0.0061:0.000023292
3:3191:[-338577864,-339918084,-1158285135,865226886,-2977557201,1534532754,-154192311]:[0,-946]:5925.280:0.0065:0.000019274
3:3191:[-217396448,1629324600,-3400996519,1500229504,664723592,-211525008,29178504]:[0,1070]:8350.750:0.0063:0.000019695
3:3221:[-736629816,11267109536,-2524139871,-909707030,56679937,67112756,8774004]:[0,-986]:5773.750:0.0059:0.000019333
3:3221:[2844516636,8400007248,1124335144,816819832,-42475327,-5495026,-1826307]:[0,-874]:8001.800:0.0060:0.000019397
3:3229:[199862184,431136080,1263820913,2204457674,-973740469,-769645066,296593337]:[0,1414]:5667.680:0.0062:0.000019727
3:3229:[-194856665696,-87251299808,41904424996,16980226056,-3465156144,-851022324,123363945]:[0,4342]:5673.290:0.0061:0.000022312
3:3257:[9085258192,7890277920,4165716028,251323148,-635737087,-66801070,27870149]:[0,4682]:5760.850:0.0059:0.000022626
3:3257:[-56326502631,-42462981164,-395994573798,-277070631932,156752182717,1313365708,-3937348216]:[0,1294]:5823.020:0.0059:0.000019953
3:3257:[-46285796975,-119294340934,-9865045875,303428373440,10678230836,-149799735148,11649650628]:[0,1294]:5957.790:0.0062:0.000019853
3:3257:[-3223697175,3695366144,1504935934,1200855900,850197509,97097684,85633044]:[0,-3446]:8079.410:0.0059:0.000021530
3:3301:[588357036,2287394940,-1644884999,-1723095592,241105040,389623632,167321088]:[0,-3118]:8219.160:0.0058:0.000021136
3:3329:[-899788752,-4985670192,-12937545964,-5332285672,1018500892,482598472,-73381147]:[0,-3810]:6224.480:0.0064:0.000021723
3:3329:[-2613687783,-4100542356,-1527931104,3918719034,2480051736,-1256204808,113881761]:[0,-2414]:8634.760:0.0059:0.000020482
3:3331:[-10590554752,10008149388,50831712876,279977212,-44498379315,-2594162814,11404727765]:[0,4198]:6360.760:0.0058:0.000022176
3:3343:[-201104851,1441982992,-7640881148,6659463266,-755023236,-33657324,-417875]:[0,1189]:12262.670:0.0059:0.000024753
3:3347:[-6579803707,-21704478332,-17926552082,3791187064,5187860041,-1541266724,92872556]:[0,1046]:6375.800:0.0062:0.000019988
3:3347:[19739411121,65113434996,53779656246,-11373561192,-15563580123,4623800172,-278617668]:[0,1046]:6488.430:0.0059:0.000020079
3:3361:[49610326185,58945352440,-17300209740,-35331806690,3711821180,9481246560,-2570005455]:[0,-4534]:8898.760:0.0061:0.000022325
3:3373:[-221808480,1525324568,-2827423996,-535106212,-2297050103,-379050994,-395177307]:[0,2566]:6394.270:0.0059:0.000021049
3:3391:[-632608506868,-451596655588,1399643669853,1192288655350,-1592667874135,-913947447192,253184538880]:[0,-4170]:6626.260:0.0064:0.000022535
3:3391:[458029152,-1382551392,3555734780,-5012888172,481288021,-1946434,-1373355]:[0,2158]:6725.990:0.0060:0.000023828
3:3391:[-2046105663,-2994314038,-4562437905,-3204962958,-2397087727,-812551420,-334773084]:[0,1850]:9294.520:0.0063:0.000020532
3:3449:[198317500,262220572,282090261,-1479448550,839883235,60226438,-37521671]:[0,4706]:6641.700:0.0059:0.000023004
3:3449:[1833709136,-14316054016,-93699962516,-131638686596,40833280085,64798542768,13514478824]:[0,-3190]:9078.700:0.0066:0.000021719
3:3457:[30287758788,44514364716,-23064810155,-23392309050,11052426555,3525165126,-1791828783]:[0,-5010]:6607.120:0.0065:0.000023227
3:3463:[-337645963,-87039042,-857359151,-103162770,-156922382,-200854000,-74887375]:[0,220]:9454.550:0.0064:0.000019483
3:3467:[3325962440,3511155712,-737777600,-695646616,185189805,-18818876,-4687384]:[0,5438]:7018.210:0.0060:0.000023644
3:3469:[5258240820,13598868528,2529556641,-12051118674,-5265286359,2680135524,1373099580]:[0,2998]:6713.040:0.0060:0.000021720
3:3469:[-1752746940,-4532956176,-843185547,4017039558,1755095453,-893378508,-457699860]:[0,2998]:9400.620:0.0061:0.000021734
3:3491:[-73803231,392926014,4664684673,328265712,1416982936,-203259984,44614980]:[0,2126]:7031.840:0.0060:0.000021155
3:3511:[-424237289900,568710150896,-91085044404,-21249007364,-9331637619,-660980860,-103658764]:[0,4822]:9795.450:0.0058:0.000023041
3:3517:[-77889349527,67494388266,78751302921,-3073548504,-49322084436,-12410634852,-2720807472]:[0,4182]:6788.870:0.0057:0.000022798
3:3517:[521870045,-405552304,-2001988944,989409474,3666486568,1067100004,79037541]:[0,-5090]:6890.540:0.0062:0.000023326
3:3533:[804972852,3201533940,1658831825,-3969445622,-1607695183,1707456504,-180493904]:[0,2898]:9236.650:0.0059:0.000021836
3:3547:[-307610028,3122069400,-3113386344,8766921268,855547041,-160132862,-15354963]:[0,-6326]:7132.320:0.0057:0.000024412
3:3547:[-14342365440,15503468796,-12142732407,1528579650,628766049,-548181756,-99855144]:[0,126]:7178.610:0.0058:0.000019726
3:3559:[162845604,-904754744,1397231369,-1520290912,657710318,176241680,28454205]:[0,2878]:9774.970:0.0059:0.000021390
3:3571:[2937601017,-11821866920,10848398036,3391450120,-2111532300,-919832464,-121528272]:[0,3630]:7361.830:0.0063:0.000022219
3:3583:[2325882952,6651051240,-26739273311,34428846352,-5921824748,-23556132528,-5658158944]:[0,1726]:9636.210:0.0063:0.000020506
3:3593:[874205644,1657249692,1264294061,1372834998,1006589729,95286360,125151376]:[0,154]:7144.470:0.0058:0.000019426
3:3593:[-30151590087,6680364296,9634543268,-3127986754,-630557128,167821844,24450365]:[0,-626]:7320.890:0.0057:0.000020014
3:3613:[3519914668,455657108,202996405,1000287954,-105264755,-99444212,16605348]:[0,-4414]:9830.180:0.0057:0.000023148
3:3617:[2681513588,6211647716,1239187817,-2859477222,267965445,495456660,-99221544]:[0,3130]:7217.020:0.0062:0.000021559
3:3617:[-23103674308,39831286548,-12226295527,-2592759642,241054965,77099972,3674872]:[0,3130]:7354.810:0.0063:0.000021750
3:3623:[-815990175,-1881387670,1365367403,1065988044,-4096551461,2888074450,-1093598927]:[0,2922]:10482.310:0.0058:0.000021647
3:3631:[-700753952,-1720861616,-745796507,95328274,675434989,36716672,-109510960]:[0,-2074]:7867.490:0.0061:0.000021253
3:3671:[226368544,252138964,357727937,-415748092,-52950504,-107663088,180481044]:[0,5070]:7985.590:0.0062:0.000023519
3:3671:[218845622436,83435134096,17526774677,-1765941892,-451114506,52142884,-165195]:[0,2254]:10415.200:0.0060:0.000021020
3:3691:[-166095,272358890,-1244313611,1901898480,1792142904,345329960,29675640]:[0,-4426]:10585.310:0.0058:0.000022937
3:3697:[33006816,614766736,2812721964,11939594592,2132196689,-109298108,88728]:[0,3550]:7732.540:0.0063:0.000022568
3:3709:[-190612928,533057480,302302045,-763838878,-239389987,396299232,-111284836]:[0,1610]:10400.220:0.0061:0.000020837
3:3719:[-98475776619,-148224761520,-77423882492,-132204715302,-40208801556,47868929988,-16059850675]:[0,-3850]:8203.280:0.0062:0.000022702
3:3739:[-42193702684,-12513625376,106158237633,17545803394,-93790395867,4140987368,20660547432]:[0,-5018]:10646.710:0.0059:0.000023670
3:3761:[150440,-226231672,-5527883951,2060666944,-438427292,-107715040,-23348288]:[0,3390]:8065.340:0.0063:0.000022477
3:3793:[1058095280,-2485795652,1440221065,1087711024,46100122,-53344752,-11299347]:[0,-1862]:10647.570:0.0061:0.000021313
3:3803:[-1018610732,6345062108,-12766811711,4868189876,-1240743962,-73869472,1745577]:[0,4558]:8578.030:0.0061:0.000023806
3:3821:[-2073182896,-6270734804,8551982613,-17895546512,4698248106,-1065432356,20652505]:[0,-1898]:10888.730:0.0061:0.000021699
3:3833:[165846244,1449333960,-4310986599,-28732168,5605087892,-834950056,-2112810928]:[0,6494]:8350.880:0.0059:0.000024642
3:3851:[-71272571199,54931002888,12823321668,-8219289426,-2249738796,-154902624,5880477]:[0,-1150]:8799.820:0.0061:0.000020612
3:3851:[39140220001,-3449217468,4280648368,-153215886,88203304,109568652,-1559655]:[0,5350]:11465.640:0.0061:0.000023867
3:3863:[55534488,180402100,-105201079,1283172710,1920308889,611744680,-12608832]:[0,-2690]:8973.970:0.0063:0.000021878
3:3863:[3460842385,-280337910,-8579711411,-8653120,3953425104,-975917416,-42415740]:[0,-4986]:11595.090:0.0061:0.000023627
3:3889:[-4552152280,-22953889140,-62905850592,79702503816,-16571320675,-6138732054,3555421025]:[0,-5170]:8601.950:0.0063:0.000024015
3:3889:[-350165560,-1765683780,-4838911584,6130961832,-1274716975,-472210158,273493925]:[0,-5170]:11210.840:0.0064:0.000023943
3:3917:[-68453492,160926028,-413913307,-2915603282,-804132681,19279474,14935521]:[0,-3522]:8786.340:0.0058:0.000022516
3:3917:[460939320540,-584529757980,-401591423835,492836704980,106261825290,13813535520,-998835]:[0,790]:11314.580:0.0062:0.000020624
3:3943:[-17503607880,-14191109352,15047162253,3026757204,-6105562008,2216754600,-306181836]:[0,-4610]:9251.290:0.0065:0.000023783
3:3943:[1347086520,621164448,1839295153,174288486,35199161,-64696744,68639744]:[0,6974]:11553.570:0.0061:0.000025530
3:3967:[-32598838368,44844396120,-3263861151,1634554746,-166221267,344986188,-347271180]:[0,-2154]:11900.470:0.0062:0.000021346
3:4001:[9560085424,374109504,-1154528560,-1129978424,267350821,64440106,-28007]:[0,-570]:9175.230:0.0063:0.000020705
3:4007:[-26501977440,64116551952,21349344084,-10555784352,-8692192764,1606823028,-140970267]:[0,2814]:12141.270:0.0060:0.000022752
3:4019:[63142509,-1509616780,1879276362,225626660,130822469,-260463352,900256]:[0,3774]:9579.590:0.0058:0.000023341
3:4027:[-7652185940,17961128752,-35283156496,40179263636,-36373752663,18253231224,-5690006028]:[0,3718]:12246.350:0.0058:0.000023420
3:4049:[-1818907976,-9393680,2070290141,-1708321688,-1729238822,82988304,-148059783]:[0,-4370]:9367.550:0.0064:0.000023510
3:4057:[-180759635,568312674,882279847,-557456142,-136035267,485704040,120882372]:[0,-4866]:12027.950:0.0062:0.000024108
3:4079:[148961001,1125975318,1849936633,-4649864208,971503588,431525568,112710928]:[0,4606]:9972.930:0.0061:0.000023601
3:4091:[259699870980,113480870832,-44170760187,-15039677844,3226129872,537213756,-102602280]:[0,-4170]:10077.620:0.0060:0.000023067
3:4091:[-1817899096860,-794366095824,309195321309,105277744908,-22582909104,-3760496292,718215960]:[0,-4170]:12587.610:0.0060:0.000023126
3:4111:[-1669152331,3355965518,949620445,-1143400652,-174388620,138261152,-213772]:[0,-3698]:13384.450:0.0060:0.000022659
3:4129:[-18352727162715,-6385322976210,358388673615,249004960440,-25550602965,1619847990,81692265]:[0,-6732]:13236.610:0.0058:0.000024959
3:4159:[4117609632,5376588840,6874090857,-4624001154,12175817697,5431836996,-80651328]:[0,822]:11081.130:0.0061:0.000021143
3:4159:[103509192,362149084,59357248,-2728586812,2694611941,-816328520,106853028]:[0,2246]:13791.580:0.0063:0.000022291
3:4211:[17331128480,10285148528,-5078129120,-1289997740,824088489,-89854318,4291009]:[0,5302]:14095.070:0.0057:0.000024903
3:4217:[6681903972,-4877280992,-236670691,1911540798,-83602025,-142053862,26756865]:[0,578]:10827.880:0.0060:0.000021212
3:4231:[-21182996527,114698052070,-49636048427,-346566168732,-416855839428,-203313123048,-39577789440]:[0,4710]:14257.180:0.0060:0.000024141
3:4243:[4158712805,-10683263008,9710657090,-1443180076,-2574656643,415525476,209689060]:[0,-986]:11535.220:0.0057:0.000021626
3:4289:[-6524821388,-4103938228,-1308277959,2352001820,-340083388,76824568,-1097984]:[0,2238]:13941.540:0.0060:0.000022231
3:4339:[140427396,1666540476,3092626589,-1132904222,-1668280415,-471579876,589305624]:[0,-4522]:14983.920:0.0058:0.000024072
3:4391:[-869066720,4945530608,-11046508956,5465776288,5099408812,640225364,-13985335]:[0,7326]:15075.190:0.0059:0.000026528
3:4457:[-76913802735,209894330002,78241008195,-618115211980,306680585379,62543699330,-4317473615]:[0,3022]:14768.270:0.0062:0.000023469
3:4463:[34286212012,-171714621228,118197020880,54354002252,-4519684563,475336278,-7877195]:[0,5038]:15681.570:0.0061:0.000025157
3:4513:[-50201962128,12365981040,16858622897,-1189238682,-1710097551,-169742956,4007544]:[0,-4034]:15496.900:0.0060:0.000024303
3:4549:[-1265568192,-3199784796,-4630427100,-3831586308,1066526697,3246621300,-1027400748]:[0,-2318]:15638.840:0.0060:0.000022842
3:4603:[-12282939792,5357505348,13967232728,526822556,-5308626091,-2054475402,-230872671]:[0,-1850]:16457.230:0.0063:0.000022750
3:4637:[-2579971156,8672877868,-940768471,-10845024874,-2646850607,226971876,78958836]:[0,-1606]:16205.010:0.0057:0.000022590
3:4679:[31067320065,-99084310094,75609781131,-49797268164,82214732395,-6277617782,-181737039]:[0,1838]:16729.650:0.0062:0.000022921
3:4703:[45129988,469171280,2390064600,866480720,-91224091,-442505270,-230447]:[0,-5954]:17149.990:0.0063:0.000025914
3:4759:[-40239153420,150168246220,-72515286295,-147106543570,60852547765,57413147080,3947304960]:[0,5598]:17286.760:0.0059:0.000025769
3:4813:[-2802744664,4956003856,-4660865883,-1547726036,343263160,-374335888,1309136]:[0,-2618]:16918.900:0.0060:0.000023316
3:4903:[204455100,-26153406092,167942493321,-28971189610,-741367921,-55080302,-1750371]:[0,-5426]:17775.330:0.0061:0.000025860
3:4909:[3472940776,-24123886344,49853923853,-19654408750,-18155794139,-3228649300,-183478784]:[0,2978]:17622.190:0.0060:0.000024326
3:4957:[-11451502776,-29385889120,-83892084591,-37933571382,75020452465,-25485582724,2323861428]:[0,3878]:18243.380:0.0061:0.000025241
3:4999:[-9904818640,-3952129416,1304813985,1171645624,-116856624,-38252348,-14717056]:[0,-7922]:19452.190:0.0059:0.000027816
3:5087:[2026553973,-3876528002,5442637257,-3145149664,1217726060,101353388,213898176]:[0,6766]:20267.650:0.0062:0.000026940
3:5119:[303454320,-650809184,-5761454976,3008497728,2729220445,-1500358424,3317112]:[0,5374]:20523.530:0.0065:0.000025986
3:5197:[-2744909884,5992681488,-7550653739,883645910,-6454658409,-300043598,-2407702539]:[0,-4346]:20005.210:0.0060:0.000025437
3:5237:[2144347257,414398698688,-301282117188,-680992865566,213091896056,287896303292,72616079653]:[0,-4122]:20438.970:0.0061:0.000025586
3:5303:[-229577476,1422370660,-322486036,-728377656,319256509,-438674766,-79974543]:[0,-746]:21777.470:0.0063:0.000023312
3:5387:[-7353255,-26119246590,834637080605,-937522881840,-45938827640,-2551714160,60226660]:[0,-7962]:22058.960:0.0062:0.000028262
3:5431:[734097408,958028400,31065320,2602470028,84826789,1015282002,279473829]:[0,9062]:22384.170:0.0061:0.000028882
3:5479:[44398572432,-21946156416,-102785081175,40465527072,48202981830,-25219617840,3440149041]:[0,9478]:22543.560:0.0063:0.000029507
3:5639:[1349773596,-5203601532,-5959317756,12578330844,-2320521807,-389260170,-36523803]:[0,-2042]:24067.450:0.0059:0.000024761
3:5641:[-13472084404,4904488476,-7475204996,-127170704,-596970107,-197638076,-39238796]:[0,670]:23595.610:0.0063:0.000023746
3:5669:[2181799685,-5402058128,2660484376,-184798062,-354380528,573158576,143408693]:[0,6162]:23762.910:0.0061:0.000027393
3:5711:[-3536256911,-3128097452,3179724892,-1023651062,359907220,-53477804,-146915475]:[0,734]:25367.050:0.0067:0.000023679
3:5849:[-2263563,-3693818970,11652173085,-45948433824,13393554912,-1336941024,55167768]:[0,2334]:25921.400:0.0063:0.000025214
